0
26,979246 39,468197 59,66209
36,917015 39,592297 59,559696
45,825165 39,716393 59,457302
6,624313 39,840492 59,35491
7,058129 39,96459 59,252518
47,734684 40,088688 59,150124
20,434214 40,212788 59,04773
58,140324 40,336884 58,94534
25,550915 40,460983 58,842945
24,900646 40,30012 58,84589
46,932056 40,139263 58,84883
31,012053 39,9784 58,851776
0,6075478 39,817543 58,854717
5,190277 39,65668 58,857662
7,7058535 39,495823 58,860607
52,521904 39,33496 58,86355
34,379734 39,174103 58,866493
13,465669 39,01324 58,869434
28,166975 38,852383 58,87238
17,124826 38,69152 58,875324
48,638184 38,530663 58,878265
31,683592 38,3698 58,88121
26,809782 38,208942 58,88415
34,678467 38,04808 58,887096
28,302382 37,887222 58,89004
57,710953 37,72636 58,892982
9,6608 37,565502 58,895927
62,60071 37,40464 58,89887
58,212963 37,243782 58,901814
49,26899 37,08292 58,90476
28,505106 36,922062 58,9077
0,54939824 36,7612 58,910645
15,675684 36,60034 58,913586
42,921677 36,43948 58,91653
53,5889 36,27862 58,919476
19,438728 36,11776 58,922417
32,632805 36,008835 59,040825
36,88221 35,89991 59,159233
4,977991 35,79099 59,277637
18,728733 35,682064 59,396046
5,1772337 35,57314 59,514454
59,511066 35,464214 59,63286
51,125164 35,355293 59,751266
1,6830533 35,24637 59,869675
17,546085 35,137444 59,98808
1,089783 35,02852 60,106487
25,174854 34,919598 60,224895
25,974937 34,810673 60,3433
6,2677827 34,701748 60,461708
40,00517 34,592823 60,580116
17,137796 34,483902 60,69852
-0,26134652 34,374977 60,81693
-0,007990594 34,266052 60,935333
26,231413 34,157127 61,05374
36,489357 34,048203 61,17215
7,826622 33,93928 61,290554
21,882841 33,830357 61,408962
5,872633 33,72143 61,52737
0,18807843 33,612507 61,645775
6,482706 33,503586 61,764183
62,84805 33,39466 61,88259
39,300373 33,285736 62,000996
17,096725 33,17681 62,119404
2,1774724 33,06789 62,237812
58,53395 32,958965 62,356216
0,6785072 32,85004 62,474625
61,18499 32,741116 62,593033
39,563972 32,63219 62,711437
15,192928 32,52327 62,829845
62,989452 32,414345 62,948254
35,492573 32,30542 63,066658
57,97402 32,196495 63,185066
54,1394 32,087574 63,303474
42,864025 31,97865 63,42188
4,729134 31,869724 63,540287
18,62359 31,760801 63,658695
30,260393 31,651876 63,7771
39,393494 31,542953 63,895508
-1,003926 31,434029 64,013916
2,8772755 31,325106 64,132324
28,504751 31,21618 64,250725
51,585197 31,107256 64,36913
47,860348 30,998333 64,48754
-1,7568786 30,889408 64,60595
55,465313 30,780485 64,72436
62,00113 30,67156 64,842766
10,478953 30,562637 64,96117
19,086931 30,453712 65,079575
1,4789062 30,34479 65,19798
1,3055573 30,235865 65,31639
24,217836 30,126942 65,4348
50,238247 30,018017 65,55321
50,99407 29,909094 65,67161
4,050983 29,800169 65,790016
60,253914 29,691244 65,908424
36,12163 29,582321 66,02683
37,8558 29,473396 66,14524
11,358448 29,364473 66,26365
28,815746 29,255548 66,38205
23,797283 29,146626 66,50046
45,03458 29,0377 66,618866
12,175267 28,928778 66,737274
-0,23838912 28,819853 66,85568
62,332767 28,71093 66,97409
59,951664 28,602005 67,09249
11,408854 28,493082 67,2109
55,229538 28,384157 67,32931
-0,46731982 28,275234 67,447716
38,288773 28,16631 67,566124
4,6951323 28,057384 67,68453
25,55531 27,948462 67,80293
51,514362 27,839537 67,92134
13,19072 27,853683 67,76108
39,76073 27,867828 67,600815
36,891495 27,881975 67,44055
27,105547 27,89612 67,28029
12,048058 27,910267 67,120026
26,63482 27,924412 66,95976
30,085327 27,938559 66,79949
4,3777614 27,952703 66,63923
18,111881 27,966848 66,478966
33,257065 27,980995 66,3187
14,941572 27,99514 66,15844
28,175945 28,009287 65,99818
18,945854 28,023432 65,83791
39,14421 28,037579 65,67765
3,4367442 28,051723 65,51739
56,8579 28,06587 65,35712
0,15598528 28,080015 65,19685
31,08681 28,094162 65,03659
45,930897 28,108307 64,87633
36,71397 28,122452 64,716064
10,509766 28,136599 64,5558
52,585545 28,150743 64,39554
5,580429 28,16489 64,235275
14,061285 28,15018 64,395485
51,38617 28,13547 64,5557
53,712543 28,12076 64,71591
58,99043 28,10605 64,87612
45,95756 28,09134 65,03634
51,07945 28,07663 65,19655
9,509644 28,06192 65,356766
30,06676 28,04721 65,516975
57,97293 28,0325 65,67719
-1,6542956 28,01779 65,8374
25,67186 28,00308 65,99762
24,218288 27,988369 66,15783
45,719387 27,97366 66,31805
23,784082 27,95895 66,47826
8,421079 27,94424 66,638466
20,460247 27,92953 66,79868
14,606162 27,91482 66,95889
4,590312 27,90011 67,11911
15,292131 27,885399 67,27932
28,449669 27,87069 67,43954
7,7392383 27,85598 67,59975
26,463634 27,84127 67,759964
34,197224 27,82656 67,92017
8,314609 27,81185 68,08039
29,457336 27,79714 68,2406
33,274815 27,782429 68,40081
22,424833 27,76772 68,56103
46,401268 27,75301 68,72124
9,6115675 27,7383 68,881454
21,463669 27,723589 69,041664
32,413605 27,70888 69,20188
62,93344 27,69417 69,36209
35,30267 27,679459 69,52231
63,32129 27,66475 69,68252
6,3212724 27,65004 69,84273
41,32207 27,63533 70,002945
48,54383 27,620619 70,163155
47,202564 27,60591 70,32337
12,868305 27,5912 70,48358
22,476654 27,576488 70,6438
52,63128 27,561779 70,80401
18,317928 27,54707 70,964226
18,83539 27,53236 71,124435
37,787975 27,517649 71,28465
58,333347 27,50294 71,44486
61,51075 27,48823 71,60507
1,3371075 27,473518 71,76529
40,20219 27,458809 71,9255
61,897438 27,4441 72,08572
54,74295 27,42939 72,245926
48,177387 27,414679 72,40614
39,698483 27,39997 72,56635
36,768375 27,38526 72,72657
30,045362 27,370548 72,88678
44,62809 27,355839 73,047
12,949299 27,34113 73,20721
2,5184236 27,32642 73,36742
1,7325463 27,311708 73,52763
62,859077 27,296999 73,68784
21,974577 27,28229 73,84806
54,954327 27,267578 74,00827
31,281368 27,252869 74,16849
40,436592 27,23816 74,3287
13,640751 27,22345 74,488914
61,831596 27,208738 74,649124
8,884873 27,194029 74,80934
27,331871 27,17932 74,96955
28,600473 27,164608 75,12976
50,636917 27,149899 75,28998
19,008986 27,13519 75,45019
12,212364 27,120478 75,610405
63,02481 27,105768 75,770615
46,229767 27,091059 75,93083
19,180761 27,07635 76,09104
52,53104 27,061638 76,25126
17,939226 27,046928 76,41147
25,734102 27,032219 76,571686
58,40574 27,017508 76,731895
12,970717 27,002798 76,892105
56,72519 26,988089 77,05232
21,537645 26,97338 77,21253
58,227722 26,958668 77,37275
61,114418 26,943958 77,53296
10,248631 26,929249 77,69318
27,864977 26,914537 77,853386
23,75848 26,899828 78,0136
17,117647 26,885118 78,17381
10,812633 26,870409 78,33403
35,566593 26,855698 78,49424
1,4752799 26,840988 78,65445
44,605564 26,826279 78,81467
47,756435 26,811567 78,97488
13,803771 26,796858 79,13509
30,901863 26,782148 79,2953
28,788078 26,767439 79,45552
5,686282 26,752728 79,61573
0,057679024 26,738018 79,77595
27,18266 26,723309 79,93616
31,087755 26,708597 0,09637118
-0,062390644 26,693888 0,2565843
19,214489 26,679178 0,41679743
4,879487 26,664469 0,5770105
47,62718 26,649757 0,7372237
56,76392 26,635048 0,8974368
25,797615 26,620338 1,0576499
25,074133 26,605627 1,2178631
57,233322 26,590918 1,3780762
30,061924 26,576208 1,5382893
14,454271 26,561499 1,6985024
47,606953 26,546787 1,8587155
55,228413 26,532078 2,0189285
9,909282 26,517368 2,1791418
3,1266236 26,502657 2,3393548
17,174028 26,487947 2,499568
46,74017 26,473238 2,6597812
58,232586 26,458529 2,8199942
1,3719196 26,443817 2,9802074
43,724 26,090776 6,825322
40,515705 26,076067 6,985535
14,295166 26,061357 7,1457486
18,982237 26,046648 7,3059616
46,77489 26,031937 7,4661746
57,081818 26,017227 7,626388
53,800278 26,002518 7,786601
46,82924 25,987806 7,946814
32,848186 25,973097 8,107027
-1,003667 25,958387 8,267241
58,3554 25,943678 8,427453
24,61917 25,928967 8,5876665
7,501957 25,914257 8,74788
0,9502472 25,899548 8,9080925
51,236816 25,884836 9,068306
51,14001 25,870127 9,228519
57,38761 25,855417 9,388732
1,6076314 25,840708 9,548945
8,650743 25,825996 9,709158
19,6426 25,811287 9,869371
37,389072 25,796577 10,029585
7,7554884 25,781866 10,189797
60,423748 25,767157 10,350011
59,455437 25,752447 10,510224
37,55745 25,737738 10,670437
18,259146 25,723026 10,83065
31,275715 25,708317 10,990864
32,621967 25,693607 11,151076
61,20494 25,678896 11,31129
34,473858 25,664186 11,471502
26,472902 25,649477 11,631716
21,937239 25,634768 11,791929
38,547043 25,620056 11,952142
12,515538 25,605347 12,112355
60,708714 25,590637 12,272569
41,811066 25,575926 12,432781
10,894254 25,561216 12,592995
20,827644 25,546507 12,753208
9,654196 25,531797 12,913421
26,980907 25,517086 13,073634
10,288551 25,502377 13,233847
34,091625 25,487667 13,39406
58,127434 25,61706 13,4896755
29,901611 25,74645 13,585291
23,266716 25,875843 13,680905
20,87588 26,005236 13,776521
27,90192 40,44092 13,574102
35,992542 40,60119 13,559974
11,473165 40,761456 13,545845
29,030207 40,92172 13,531716
62,02362 41,081985 13,517587
40,110294 41,24225 13,503458
19,374352 41,402515 13,489329
37,82239 41,562782 13,475201
10,463274 41,723045 13,461071
60,569733 41,883312 13,446942
16,055216 42,04358 13,432814
8,948487 42,203842 13,418685
52,558464 42,36411 13,404556
31,46213 42,524372 13,390427
38,20169 42,68464 13,376298
6,4542108 42,844906 13,362169
26,66379 43,00517 13,348041
17,0305 43,165436 13,333911
22,390108 43,3257 13,319782
11,875408 43,485966 13,305654
46,533955 43,646233 13,291525
14,336434 43,806496 13,277396
16,753477 43,966763 13,263267
11,287554 44,12703 13,249138
38,52441 44,287292 13,235009
31,48149 44,44756 13,2208805
49,07424 44,607822 13,206751
34,670242 44,76809 13,192622
1,3350898 44,928356 13,1784935
60,126205 45,08862 13,164365
24,909813 45,248886 13,150236
35,632324 45,40915 13,1361065
-0,9303734 45,569416 13,121978
34,369476 45,729683 13,107849
45,678425 45,889946 13,09372
38,14835 46,050213 13,079592
24,55643 46,21048 13,065462
14,943242 46,370743 13,051333
51,38878 46,53101 13,037205
13,996473 46,691273 13,023076
16,770397 46,85154 13,008946
5,2878923 47,011806 12,994818
59,294727 47,17207 12,980689
15,476703 47,332336 12,96656
6,08803 47,4926 12,952432
62,818813 47,652866 12,938302
1,0866512 47,813133 12,924173
59,742344 47,973396 12,910045
51,00287 48,133663 12,895916
14,021321 48,29393 12,881786
5,545278 48,454193 12,867658
60,824436 48,61446 12,853529
37,962204 48,774723 12,8394
56,896263 48,93499 12,825272
31,341446 49,095257 12,811142
56,464806 49,25552 12,797013
19,876564 49,415787 12,782885
25,185207 49,57605 12,768756
55,977566 49,736317 12,754626
13,912917 49,896584 12,740498
22,467447 50,056847 12,726369
1,5349052 50,217113 12,71224
19,338816 50,37738 12,698112
16,728552 50,537643 12,683982
26,647501 50,69791 12,669853
21,387218 50,858173 12,655725
42,352573 51,01844 12,641596
18,817291 51,178707 12,627466
2,737767 51,33897 12,6133375
20,545897 51,499237 12,599209
5,7207193 51,401505 12,727009
25,849321 51,30377 12,854808
9,038915 51,206036 12,982608
56,58733 51,108303 13,110408
34,688934 51,010567 13,238207
42,79903 50,912834 13,366007
0,93732107 50,8151 13,493807
38,134632 50,71737 13,621606
7,853934 50,619633 13,749406
47,48887 50,5219 13,877206
2,350898 50,424168 14,005005
52,45638 50,32643 14,132805
49,78935 50,2287 14,260605
39,05886 50,130966 14,388404
60,06523 50,03323 14,516204
51,84563 49,935497 14,644004
46,565727 49,837765 14,771804
8,318518 49,740032 14,899603
50,638844 49,642296 15,027403
57,873642 49,544563 15,155203
54,21208 49,44683 15,283002
24,818773 49,349094 15,410802
24,234747 49,25136 15,538602
10,194154 49,15363 15,666401
55,69755 49,055897 15,794201
28,007484 48,95816 15,922001
13,389395 48,860428 16,0498
25,457834 48,762695 16,177599
54,130814 48,66496 16,305399
53,10469 48,567226 16,433199
41,43541 48,469494 16,560999
42,426273 48,371758 16,688799
4,6306047 48,274025 16,816599
6,518534 48,176292 16,944399
37,04859 48,07856 17,072197
0,116380975 47,980824 17,199997
17,638521 47,88309 17,327797
15,222546 47,78536 17,455597
30,56558 47,687622 17,583397
14,705565 47,58989 17,711197
42,34301 47,492157 17,838995
40,559784 47,39442 17,966795
44,758083 47,296688 18,094595
37,249336 47,198956 18,222395
17,912033 47,101223 18,350195
9,393592 47,003487 18,477995
23,06735 46,905754 18,605793
57,435444 46,80802 18,733593
60,27336 46,710285 18,861393
34,42416 46,612553 18,989193
24,053024 46,51482 19,116993
41,64165 46,417088 19,244793
7,360786 46,31935 19,372591
50,66965 46,22162 19,500391
13,135399 46,123886 19,628191
50,30935 46,02615 19,755991
12,342615 45,928417 19,883791
39,424778 45,830685 20,011591
35,31168 45,73295 20,139389
16,684744 45,635216 20,267189
38,82793 45,537483 20,394989
3,4819622 45,43975 20,522789
1,9970529 45,342014 20,650589
56,29526 45,24428 20,778389
45,495117 45,14655 20,906189
48,859768 45,048813 21,033987
38,88481 44,95108 21,161787
38,430096 44,853348 21,289587
52,490128 44,755615 21,417387
30,608208 44,65788 21,545187
7,764486 44,560146 21,672987
39,7754 44,462414 21,800785
16,403309 44,364677 21,928585
-0,71060044 44,266945 22,056385
30,5459 44,169212 22,184185
52,402977 44,071476 22,311985
44,52427 43,973743 22,439785
24,349453 43,87601 22,567583
8,216296 43,77828 22,695383
11,336549 43,680542 22,823183
59,115307 43,58281 22,950983
10,768155 43,485077 23,078783
60,906597 43,38734 23,206583
48,102795 43,289608 23,334381
15,6566105 43,449944 23,321056
10,38582 43,610275 23,30773
52,415665 43,77061 23,294405
25,225292 43,930946 23,281078
3,55934 44,091278 23,267754
-0,67666674 44,251614 23,254427
36,897984 44,41195 23,241102
20,842861 44,57228 23,227776
31,759336 44,732616 23,21445
-1,1779628 44,892952 23,201124
40,907177 45,053284 23,1878
6,52473 45,21362 23,174473
28,556137 45,37395 23,161148
45,309868 45,534286 23,147821
51,63751 45,694622 23,134497
10,869248 45,854954 23,12117
4,223565 46,01529 23,107845
33,73608 46,175625 23,094519
-1,4550447 46,335957 23,081194
23,598118 46,496292 23,067867
53,79857 46,656628 23,054543
3,283356 46,81696 23,041216
15,335372 46,977295 23,027891
11,075401 47,13763 23,014565
24,01099 47,297962 23,00124
33,220036 47,458298 22,987913
30,612978 47,618633 22,974586
8,273146 47,778965 22,961262
5,466324 47,9393 22,947935
32,73125 48,099632 22,93461
43,5411 48,176334 22,793182
41,095135 48,253033 22,651756
51,4755 48,329735 22,510328
39,6242 48,406433 22,3689
19,589914 48,483135 22,227472
0,2699343 48,559834 22,086046
29,715942 48,636536 21,944618
20,289467 48,713234 21,80319
25,804394 48,789936 21,661764
29,973618 48,866634 21,520336
33,515682 48,943336 21,378908
3,8624516 49,020035 21,237482
7,1867657 49,096737 21,096054
30,156591 49,173435 20,954626
16,897474 49,250137 20,813198
15,150746 49,326836 20,671772
41,431835 49,403538 20,530344
38,473248 49,480236 20,388916
27,960373 49,55694 20,24749
25,212687 49,633636 20,106062
23,991652 49,71034 19,964634
15,045035 49,787037 19,823208
19,400959 49,86374 19,68178
28,137768 49,940437 19,540352
47,85413 50,01714 19,398926
35,86729 50,093838 19,257498
19,288017 50,17054 19,11607
30,836876 50,24724 18,974642
62,412247 50,32394 18,833216
5,6005 50,40064 18,691788
38,053547 50,47734 18,55036
54,025593 50,55404 18,408934
23,540148 50,63074 18,267506
40,657227 50,70744 18,126078
17,98066 50,78414 17,984652
63,04872 50,86084 17,843224
0,6065656 50,937542 17,701796
13,113463 51,01424 17,56037
17,219463 51,090942 17,418941
24,657446 51,16764 17,277514
48,904415 51,244343 17,136086
26,567526 51,32104 16,99466
53,257828 51,39774 16,853231
41,030098 51,47444 16,711803
-1,2756612 51,55114 16,570377
20,690706 51,627842 16,42895
26,377188 51,70454 16,287521
6,365063 51,781242 16,146095
46,761158 51,85794 16,004667
47,093662 51,934643 15,863239
29,374014 52,01134 15,721812
10,403293 52,088043 15,580385
48,732605 52,16474 15,438957
33,464622 52,241444 15,29753
60,439735 52,318142 15,156102
52,855278 52,394844 15,014675
-1,6068848 52,471542 14,873248
23,67702 52,548244 14,73182
0,40613005 52,624943 14,590393
-0,6946659 52,701645 14,448965
16,177456 52,778343 14,307538
4,607151 52,855045 14,166111
13,744492 52,931744 14,024683
7,347329 53,008446 13,883256
15,0232525 53,085144 13,741828
13,574922 53,161846 13,600401
47,46275 53,238544 13,458974
35,890827 53,315247 13,317546
10,668241 53,391945 13,176119
61,503803 53,468647 13,034692
56,211643 53,545345 12,893264
4,7437344 53,622047 12,751837
36,19029 53,698746 12,610409
10,786589 53,775448 12,468982
52,099636 53,852146 12,327555
33,478703 53,92885 12,186127
7,8742175 54,005547 12,0447
20,163185 54,08225 11,903272
8,033897 54,158947 11,761845
9,055467 54,23565 11,620418
36,38171 54,312347 11,47899
30,817844 54,38905 11,337563
51,438953 54,465748 11,196135
32,983883 54,54245 11,054708
61,385506 54,61915 10,9132805
48,497562 54,69585 10,7718525
30,531225 54,77255 10,630425
50,860676 54,849247 10,488998
54,426975 54,92595 10,34757
54,92908 55,002647 10,206143
32,496525 55,07935 10,064715
51,850986 55,156048 9,923288
27,228285 55,23275 9,781861
30,2698 55,30945 9,640433
54,39506 55,38615 9,499006
22,301424 55,46285 9,357578
13,0081625 55,53955 9,216151
62,365555 55,61625 9,074724
24,992226 55,61495 8,913842
-0,24250701 55,61365 8,75296
54,77639 55,61235 8,592078
22,034193 55,61105 8,431197
43,766346 55,60975 8,270315
57,4613 55,608448 8,109433
3,7796786 55,607147 7,9485517
20,921854 55,605846 7,7876697
1,6557873 55,604546 7,626788
16,888086 55,603245 7,465906
9,7816105 55,601944 7,3050246
54,934547 55,600647 7,1441426
53,517036 55,599346 6,983261
58,677277 55,598045 6,822379
5,169789 55,596745 6,6614976
10,266793 55,595444 6,5006156
49,213398 55,594143 6,339734
2,240694 55,592842 6,1788526
-0,49219513 55,59154 6,0179706
47,15187 55,59024 5,857089
37,75288 55,58894 5,696207
49,358475 55,587643 5,5353255
23,775776 55,58634 5,3744435
1,6969268 55,58504 5,213562
63,29958 55,58374 5,05268
15,885066 55,58244 4,8917985
28,64729 55,58114 4,7309165
12,84448 55,579838 4,570035
59,180996 55,578537 4,409153
48,830883 55,577236 4,2482715
28,802147 55,575935 4,0873895
26,479048 55,57464 3,926508
9,48049 55,573338 3,7656262
32,000824 55,572037 3,6047444
18,170185 55,570736 3,4438627
23,288256 55,569435 3,282981
41,841663 55,568134 3,1220992
57,243347 55,566833 2,9612174
46,03379 55,565533 2,8003356
26,034502 55,56423 2,639454
0,8621069 55,56293 2,4785721
45,844975 55,561634 2,3176904
11,527096 55,560333 2,1568086
2,781895 55,559032 1,9959269
26,338852 55,55773 1,8350451
15,770302 55,55643 1,6741633
56,100407 55,55513 1,5132816
60,086414 55,55383 1,3523998
20,96373 55,55253 1,1915181
25,921455 55,551228 1,0306363
34,277798 55,549927 0,86975455
30,769464 55,54863 0,70887285
21,371983 55,54733 0,5479911
20,050673 55,54603 0,38710934
19,486507 55,544727 0,22622758
58,06369 55,543427 0,06534583
42,639595 55,542126 79,904465
5,1373124 55,540825 79,74358
31,50144 55,539524 79,5827
7,6847796 55,538223 79,42182
6,495342 55,536922 79,26094
36,08017 55,535625 79,10005
60,92979 55,534325 78,93917
60,400993 55,533024 78,77829
53,40769 55,531723 78,61741
17,160938 55,530422 78,45653
46,20189 55,52912 78,29565
22,869453 55,52782 78,134766
53,462406 55,52652 77,973885
-0,089317024 55,52522 77,813
62,425022 55,52392 77,65212
3,0955582 55,52262 77,49124
19,828434 55,52132 77,33035
41,196007 55,52002 77,16947
18,49636 55,51872 77,00859
20,92732 55,517418 76,84771
11,228686 55,516117 76,68683
7,372203 55,514816 76,52595
3,1853917 55,513515 76,36507
57,445385 55,512215 76,204185
19,43241 55,510914 76,043304
53,0993 55,509617 75,88242
21,655603 55,508316 75,72154
39,581623 55,507015 75,56065
27,679518 55,505714 75,39977
38,890858 55,504414 75,23889
34,636723 55,503113 75,07801
56,046047 55,501812 74,91713
50,55613 55,50051 74,75625
19,628784 55,49921 74,59537
53,641876 55,49791 74,43449
7,1103754 55,496613 74,273605
47,44727 55,49531 74,112724
35,471325 55,49401 73,951836
61,945404 55,49271 73,790955
61,538063 55,49141 73,63007
9,726827 55,49011 73,46919
-0,9644258 55,488808 73,30831
4,3566628 55,487507 73,14743
45,999065 55,486206 72,98655
15,882567 55,484905 72,82567
32,059048 55,48361 72,66479
39,861057 55,482307 72,50391
21,612846 55,481007 72,343025
-0,19009806 55,479706 72,18214
54,21523 55,478405 72,021255
27,097137 55,477104 71,860374
9,744226 55,475803 71,69949
38,396797 55,474503 71,53861
54,49765 55,4732 71,37773
36,234776 55,4719 71,21685
44,485546 55,470604 71,05597
22,27987 55,469303 70,89509
11,061093 55,468002 70,73421
41,155018 55,4667 70,573326
48,158005 55,4654 70,41244
5,534941 55,4641 70,25156
8,580745 55,4628 70,090675
30,570219 55,4615 69,929794
21,768318 55,460197 69,76891
0,25396767 55,458897 69,60803
8,658872 55,4576 69,44715
30,336962 55,4563 69,28627
14,110865 55,454998 69,12539
22,130636 55,453697 68,96451
50,83896 55,452396 68,80363
2,5339334 55,451096 68,64274
2,3813968 55,449795 68,48186
34,36023 55,448494 68,32098
45,97226 55,447193 68,160095
60,196415 55,445892 67,999214
29,346207 55,444595 67,83833
41,049725 55,443295 67,67745
37,424934 55,441994 67,51657
16,640366 55,440693 67,35569
44,43551 55,439392 67,19481
10,086337 55,43809 67,03392
59,22799 55,43679 66,87304
46,619717 55,43549 66,71216
22,304014 55,43419 66,55128
39,87422 55,432888 66,390396
42,3027 55,43159 66,229515
9,326994 55,43029 66,068634
34,72659 55,42899 65,90775
25,532053 55,42769 65,74687
40,35927 55,426388 65,58599
26,549149 55,425087 65,42511
33,303696 55,423786 65,26422
55,02934 55,422485 65,10334
18,820421 55,421185 64,94246
29,202335 55,419884 64,78158
30,769186 55,418587 64,6207
40,071533 55,417286 64,459816
33,294044 55,415985 64,298935
49,4893 55,414684 64,138054
14,019605 55,413383 63,97717
40,71086 55,412083 63,816288
8,30391 55,41078 63,655407
49,113174 55,40948 63,494526
48,15848 55,40818 63,333645
16,991947 55,40688 63,172764
40,73074 55,405582 63,01188
48,866737 55,40428 62,850998
2,602994 55,40298 62,690117
42,253838 55,40168 62,529236
14,317159 55,40038 62,368355
35,52828 55,39908 62,20747
44,043724 55,397778 62,04659
5,1819544 55,396477 61,885708
4,6152062 55,395176 61,724827
52,31303 55,393875 61,563946
54,238518 55,39258 61,403065
-1,5547765 55,391277 61,24218
32,23087 55,389977 61,0813
46,739563 55,388676 60,920418
-1,2151573 55,387375 60,759537
61,94196 55,386074 60,598656
23,532421 55,384773 60,43777
45,373756 55,383472 60,27689
25,063465 55,38217 60,11601
54,1342 55,38087 59,955128
5,5998516 55,379574 59,794247
0,81058246 55,378273 59,63336
63,149582 55,376972 59,47248
49,55877 55,37567 59,3116
56,23028 55,37437 59,15072
43,56999 55,37307 58,989838
25,517971 55,37177 58,828957
44,788258 55,37047 58,66807
3,1338966 55,369167 58,50719
59,911636 55,367867 58,34631
20,268295 55,36657 58,18543
56,42749 55,36527 58,024548
57,91454 55,363968 57,863663
13,7421255 55,362667 57,70278
8,917915 55,361366 57,5419
13,630603 55,360065 57,38102
61,335648 55,358765 57,22014
31,5476 55,357464 57,059254
53,55298 55,356163 56,898373
39,08327 55,354862 56,73749
59,674 55,353565 56,57661
3,746179 55,352264 56,41573
29,45881 55,350964 56,25485
31,294285 55,349663 56,093964
51,875584 55,348362 55,933083
39,026936 55,34706 55,7722
45,948475 55,34576 55,61132
23,49481 55,34446 55,45044
27,822319 55,34316 55,289555
56,14698 55,341858 55,128674
27,155119 55,34056 54,967793
3,490266 55,33926 54,80691
63,344986 55,33796 54,64603
12,967091 55,33666 54,48515
54,57696 55,335358 54,324265
32,6004 55,372135 54,16764
33,819717 55,408916 54,011013
49,011723 55,445694 53,854385
26,374342 55,48247 53,697758
13,076531 55,51925 53,54113
11,0981245 55,55603 53,384506
22,789227 55,592808 53,22788
3,6406782 55,629585 53,07125
60,369736 55,666367 52,914623
49,243935 55,703144 52,758
0,6846501 55,73992 52,60137
29,97389 55,776703 52,444744
28,736053 55,81348 52,288116
13,9589 55,850258 52,13149
13,140438 55,887035 51,974865
52,658768 55,923817 51,818237
30,918896 55,960594 51,66161
14,883384 55,99737 51,504982
55,103638 56,034153 51,348354
0,9495676 56,07093 51,19173
12,146949 56,107708 51,035103
41,724808 56,144485 50,878475
43,65755 56,181267 50,721848
31,047943 56,218044 50,565224
24,137718 56,25482 50,408596
50,02457 56,291603 50,25197
0,42680338 56,32838 50,09534
29,387218 56,365158 49,938713
24,223457 56,40194 49,78209
43,900593 56,438717 49,62546
10,173292 56,475494 49,468834
18,855516 56,51227 49,312206
-0,39858714 56,549053 49,155582
45,85125 56,58583 48,998955
43,20567 56,561928 48,83985
22,46135 56,538025 48,68075
5,583355 56,514126 48,52165
0,15228687 56,490223 48,36255
31,526987 56,46632 48,203445
28,715845 56,442417 48,044346
25,794691 56,418514 47,885242
21,781477 56,394615 47,726143
13,768879 56,370712 47,56704
31,415539 56,34681 47,407936
0,78132063 56,322906 47,248837
49,95377 56,299007 47,089733
60,513157 56,275105 46,930634
2,1624253 56,2512 46,77153
40,468525 56,2273 46,61243
5,591243 56,203396 46,453327
40,391945 56,179497 46,294228
3,8838408 56,155594 46,135124
35,75072 56,13169 45,976025
24,134315 56,107788 45,81692
63,42187 56,083885 45,65782
2,0096533 56,059986 45,49872
31,40991 56,036083 45,33962
40,26202 56,01218 45,180515
55,73966 55,988277 45,021416
22,03616 55,96438 44,862312
39,64882 55,940475 44,70321
46,573826 55,916573 44,54411
2,2425106 55,89267 44,385006
6,9976172 55,868767 44,225906
55,477417 55,844868 44,066803
61,487408 55,820965 43,907703
52,469887 55,97124 43,850243
32,63256 56,121517 43,792786
7,777374 56,271793 43,735325
62,342403 56,42207 43,677864
13,973366 56,572346 43,620407
53,032333 56,722626 43,562946
58,02134 56,872902 43,50549
-0,8542717 57,02318 43,44803
7,229881 57,173454 43,39057
38,757492 57,32373 43,33311
25,547636 57,474007 43,27565
40,268745 57,624283 43,218193
57,461018 57,77456 43,160732
58,932976 57,924835 43,103275
31,142244 58,075115 43,045815
52,15031 58,22539 42,988354
36,888794 58,375668 42,930897
46,23479 58,525944 42,873436
52,6754 58,67622 42,81598
52,61476 58,826496 42,75852
53,09932 58,976772 42,701057
11,282291 59,12705 42,6436
25,723515 59,27733 42,58614
41,921356 59,427605 42,528683
34,5077 59,57788 42,471222
47,375088 59,728157 42,413765
10,532501 59,878433 42,356304
5,7976837 0,028709877 42,298843
26,98575 0,17898652 42,241386
11,579958 0,32926315 42,183926
54,266464 0,47953978 42,12647
49,908703 0,6298164 42,069008
55,331673 0,7800931 42,011547
24,918388 0,9303697 41,95409
46,661716 1,0806464 41,89663
53,965187 1,2309229 41,839172
51,718723 1,3811996 41,78171
12,880969 1,5314763 41,72425
14,098298 1,6817529 41,666794
12,704248 1,8320296 41,609333
43,153873 1,9823061 41,551876
49,23106 2,132583 41,494415
7,71342 2,2828593 41,43696
27,590235 2,433136 41,379498
22,8734 2,5834126 41,322037
18,108583 2,7336893 41,26458
58,626328 11,84304 31,955402
44,49145 11,77063 31,811731
5,2112713 11,69822 31,66806
55,07666 11,62581 31,52439
35,573917 11,553399 31,380718
56,743202 11,4809885 31,237047
56,215225 11,408579 31,093376
50,874207 11,336168 30,949705
28,315397 11,263758 30,806034
62,243793 11,191348 30,662363
52,27927 11,1189375 30,518692
14,239048 11,046527 30,375021
57,300594 10,974117 30,23135
19,527767 10,901707 30,087679
6,07041 10,829296 29,944008
36,49021 10,756886 29,800337
57,93596 10,684476 29,656666
48,2414 10,612065 29,512995
23,711031 10,539655 29,369324
32,956406 10,467245 29,225653
62,941296 10,3948345 29,081982
62,304043 10,322424 28,93831
61,634567 10,250014 28,79464
57,970757 10,177604 28,650969
2,4972944 10,105193 28,507298
36,928967 10,0327835 28,363626
12,358898 9,960373 28,219955
57,29248 9,887962 28,076284
26,234419 9,815552 27,932613
22,284502 9,743142 27,788942
52,10686 9,670732 27,645271
6,889839 9,598321 27,5016
47,72952 9,525911 27,35793
12,179529 9,453501 27,214258
24,386412 9,38109 27,070587
32,345486 9,308681 26,926916
35,772617 9,23627 26,783245
53,6206 9,163859 26,639574
44,808132 9,091449 26,495903
54,181133 9,019039 26,352232
46,854805 8,946629 26,20856
20,12745 8,874218 26,06489
24,042482 8,801808 25,921219
22,285458 8,729398 25,777548
54,216835 8,656987 25,633877
54,86595 8,584578 25,490206
0,410028 8,512167 25,346535
56,24315 8,439756 25,202862
36,832222 8,367346 25,05919
29,275284 8,294936 24,91552
56,217064 8,222526 24,771849
20,540667 8,150115 24,628178
24,594378 8,077705 24,484507
35,17298 8,005295 24,340836
44,550632 7,9328847 24,197165
38,50947 7,860474 24,053493
8,155184 7,788064 23,909822
27,515434 7,7156534 23,766151
22,422855 7,6432433 23,62248
5,059559 7,570833 23,47881
29,89644 7,4984226 23,335138
15,585759 7,4260125 23,191467
17,484741 7,353602 23,047796
26,419434 7,281192 22,904125
5,411518 7,2087817 22,760454
62,282078 7,136371 22,616783
56,842175 7,063961 22,473112
10,149069 6,9915504 22,329441
16,334145 6,9191403 22,18577
20,355312 6,84673 22,042099
31,833412 6,7743196 21,898428
39,85744 6,7019095 21,754757
3,6798174 6,629499 21,611086
60,619663 6,557089 21,467415
33,516174 6,4846787 21,323744
51,675655 6,412268 21,180073
26,89224 6,339858 21,036402
60,34929 6,2674475 20,89273
47,22636 6,1950374 20,74906
22,561888 6,1226273 20,605389
50,40299 6,0502167 20,461718
49,379887 5,9778066 20,318047
0,026540257 5,905396 20,174376
3,557297 5,832986 20,030704
-1,4586539 5,760576 19,887033
10,627787 5,688165 19,743362
61,330826 5,615755 19,599691
0,2881901 5,543345 19,45602
52,527122 5,4709344 19,31235
24,764324 5,3985243 19,168678
3,4613743 5,3261137 19,025007
45,758236 5,2537036 18,881336
