0
89,6219 8,358044 56,54959
95,622635 8,855986 57,242622
74,56367 9,353927 57,935654
68,70902 9,851869 58,62868
55,50165 10,349811 59,321712
83,655174 10,847752 60,014744
77,04082 11,345694 60,707775
103,371216 11,843635 61,400803
58,33004 12,341577 62,093834
86,279564 12,839519 62,786865
89,97536 13,088854 61,970734
43,832348 13,338189 61,154602
96,71883 13,587524 60,338474
93,89323 13,83686 59,522343
51,551277 14,086195 58,70621
62,706654 14,33553 57,890083
51,570854 14,584866 57,07395
81,613754 14,834201 56,25782
81,871826 15,083536 55,441692
44,934456 14,635527 54,71538
60,36827 23,108751 43,17728
112,35642 23,262856 42,337944
72,63187 23,41696 41,498604
76,04884 23,571064 40,659267
58,088104 23,725166 39,819927
81,20691 23,87927 38,98059
109,10402 24,033375 38,14125
64,62029 24,187479 37,301914
49,26574 24,341581 36,462574
60,180416 24,495686 35,623238
110,61161 24,64979 34,7839
103,01118 24,803894 33,94456
45,8736 24,957998 33,105225
43,661587 25,1121 32,265884
44,79033 25,266205 31,426546
54,270283 25,42031 30,587208
64,26936 25,574413 29,74787
68,887856 25,728516 28,908531
62,810303 25,88262 28,069193
49,60845 25,149393 27,632597
98,81806 24,416166 27,196003
67,59772 23,68294 26,759407
45,40486 22,949715 26,322811
108,65957 22,216488 25,886215
90,35995 21,483261 25,449621
46,066055 20,750034 25,013025
69,643684 20,016808 24,57643
69,6014 19,28358 24,139835
89,834625 18,550354 23,70324
55,621094 17,817127 23,266644
91,20624 17,0839 22,830048
100,94662 17,895561 23,093569
91,62813 18,431057 22,429129
72,39741 18,966553 21,764688
69,91967 19,50205 21,100248
97,5619 20,037546 20,435808
96,31053 20,573042 19,771368
94,8037 21,108538 19,106928
81,97118 20,260647 19,203463
94,68321 19,412756 19,299995
54,56608 18,564867 19,39653
61,13157 17,716976 19,493065
111,724335 16,869085 19,5896
59,403946 17,636274 19,21589
107,89034 18,403465 18,842184
54,999813 17,56307 18,69395
76,876335 16,722675 18,545717
102,609055 15,882279 18,397486
94,16523 15,041884 18,249252
106,1258 15,895239 18,244455
110,906136 15,139536 18,640875
56,41268 14,383833 19,037296
59,622124 13,62813 19,433718
106,41196 12,872426 19,83014
77,50701 12,116723 20,226559
107,93053 11,36102 20,62298
103,42394 10,605317 21,019402
99,38478 9,849614 21,415821
109,87028 9,09391 21,812243
111,10114 8,338207 22,208664
44,397724 8,689547 22,986351
109,3954 9,040886 23,764038
85,267494 9,392225 24,541725
57,19244 9,743564 25,319412
102,93642 10,094903 26,0971
88,70164 10,446242 26,874786
77,86479 10,797582 27,652475
77,50311 11,148921 28,430162
105,47157 11,500259 29,20785
110,38946 11,851599 29,985537
53,69917 12,202938 30,763224
89,34095 12,554277 31,54091
49,43955 14,940649 31,865036
100,27773 14,928482 31,011755
104,41646 14,916315 30,158474
109,91445 14,904148 29,305193
101,48668 14,891981 28,45191
43,27891 14,879814 27,598629
66,44379 14,867647 26,745348
45,636864 14,85548 25,892067
107,91916 14,843313 25,038786
85,26678 14,831146 24,185505
111,718124 14,818979 23,332224
48,568134 14,806812 22,478943
97,94282 14,893073 21,629946
80,48707 14,979333 20,780949
67,53732 15,065593 19,931952
109,5127 15,151853 19,082954
64,219826 15,238113 18,233957
107,9936 15,324373 17,38496
68,04629 15,410633 16,535963
55,98114 15,496893 15,686967
87,19162 15,583154 14,83797
58,919254 15,669414 13,988973
109,48602 15,755673 13,139976
48,40964 15,841933 12,290978
45,3148 15,928194 11,441981
97,749886 16,014454 10,592984
65,64992 16,100714 9,743987
61,494514 16,186974 8,89499
75,17899 16,273233 8,045994
86,277176 16,359493 7,196996
91,04536 17,147537 6,8695455
90,64575 17,935581 6,5420947
60,03033 18,723625 6,2146444
101,1089 19,51167 5,8871937
86,570915 20,299713 5,559743
84,00295 21,087755 5,232292
59,594498 21,8758 4,9048414
69,55778 22,663843 4,5773907
56,996212 23,451887 4,24994
71,945465 24,239931 3,9224892
70,38573 25,027973 3,5950384
61,814545 25,816017 3,2675877
87,47762 26,604061 2,940137
50,888077 27,392105 2,6126862
62,56859 28,18015 2,2852354
99,31079 28,968193 1,9577848
92,14425 29,414373 1,2303517
60,02743 29,860556 0,50291866
52,15867 30,306736 79,77548
96,373344 30,752918 79,04805
75,85474 31,1991 78,32062
79,53366 31,64528 77,593185
85,03742 32,09146 76,86575
83,12931 32,537643 76,13832
58,244324 32,983826 75,41089
102,15721 33,430008 74,68346
83,36924 33,87619 73,956024
70,019104 34,32237 73,228584
74,55642 34,76855 72,50115
99,51757 34,827312 73,3525
110,59811 34,886074 74,20384
70,52495 34,94484 75,05518
103,310196 35,0036 75,906525
64,30636 35,062363 76,757866
70,64898 35,121124 77,60921
85,22915 35,179886 78,46055
80,93199 35,238647 79,3119
62,774765 35,29741 0,16323602
71,630486 35,35617 1,0145783
103,60308 35,414936 1,8659207
76,11409 35,473698 2,717263
45,60744 34,474014 2,9972563
100,15167 34,082024 2,239245
95,82939 33,690037 1,4812338
48,061882 33,298046 0,72322255
60,77473 32,906055 79,96521
59,9844 32,57144 79,18018
85,263306 32,236828 78,39516
49,194324 31,902212 77,61012
60,712418 31,567598 76,825096
76,31095 30,730272 76,66041
70,24801 30,391102 77,443474
94,713615 30,051931 78,22655
49,324715 29,71276 79,00962
101,57253 29,37359 79,79269
53,492844 29,03442 0,57576084
45,489067 28,69525 1,3588318
61,416477 28,35608 2,1419027
98,23032 28,016909 2,9249735
55,621906 25,981884 7,6233993
74,308784 25,642714 8,40647
86,093 25,303543 9,189541
74,566154 24,964373 9,972612
111,65694 24,625202 10,755683
45,490356 24,286032 11,5387535
91,64298 23,946861 12,321825
60,491535 23,60769 13,104896
69,93274 23,26852 13,887966
98,87068 22,92935 14,671038
83,97125 22,59018 15,454108
89,127304 22,251009 16,237179
90,46975 21,911839 17,02025
87,35074 21,572668 17,803322
46,718212 21,233498 18,586391
110,583084 20,894327 19,369463
48,09982 20,555155 20,152534
80,76532 20,215984 20,935604
47,227608 19,876814 21,718676
56,36728 19,537643 22,501747
44,84764 19,198473 23,284817
61,63717 18,859303 24,067888
90,17327 18,520132 24,85096
78,43658 18,180962 25,634031
102,29412 17,841791 26,4171
93,87552 18,690775 26,330706
53,66323 19,539757 26,24431
97,67851 20,38874 26,157915
89,052376 21,237724 26,071518
56,338375 22,086708 25,985123
50,254055 22,93569 25,898727
92,666145 23,784674 25,812332
56,118355 24,633657 25,725935
75,59448 25,48264 25,63954
94,83051 26,331623 25,553144
87,693665 27,180607 25,46675
86,93562 28,02959 25,380352
56,277737 28,878572 25,293957
78,840355 29,11773 26,113129
77,216805 29,356888 26,932299
96,061485 29,596045 27,751469
58,024605 29,835201 28,57064
104,71706 30,074358 29,38981
104,609 30,313515 30,20898
87,196365 30,552671 31,028152
102,30453 30,791828 31,847322
103,2512 30,841381 32,69925
109,39858 30,890932 33,551178
102,07211 30,940483 34,403107
89,920395 30,327684 34,997005
52,25379 29,714884 35,5909
93,240456 29,102085 36,1848
66,51857 28,489286 36,778694
51,17611 27,876486 37,372593
109,16893 27,263687 37,966488
87,42389 26,650888 38,560387
83,030525 26,038088 39,15428
62,687588 25,42529 39,74818
92,038414 24,812489 40,342075
44,839912 24,19969 40,935974
94,208244 23,586891 41,52987
64,02578 22,97409 42,123768
49,616627 23,67615 42,6089
73,545784 24,37821 43,094025
107,67051 25,080269 43,579155
67,73485 25,782328 44,06428
43,503902 26,484386 44,54941
100,18427 27,186445 45,03454
77,1102 27,888506 45,51967
106,890305 28,590565 46,004795
60,32229 29,292624 46,489925
92,31822 29,994682 46,97505
74,14614 30,696741 47,460182
74,99158 31,398802 47,94531
82,82648 30,55362 47,82739
87,69075 29,708439 47,70947
60,102577 28,863256 47,591545
94,381676 28,018076 47,473625
73,11672 27,172895 47,355705
103,99452 26,327713 47,237785
72,9439 25,482533 47,11986
76,66155 25,734243 47,935265
107,70057 25,985954 48,750664
56,36653 26,237665 49,566067
104,176125 26,489376 50,381466
64,97675 26,741087 51,196865
100,051956 26,992798 52,012268
65,60267 27,244509 52,827667
82,88198 27,49622 53,64307
55,766182 27,74793 54,45847
110,36571 27,999641 55,27387
72,38362 28,251352 56,08927
63,13833 28,503063 56,90467
61,650906 28,754774 57,720074
43,6082 29,006485 58,535473
80,82938 29,258196 59,350872
101,54842 29,509907 60,166275
68,47289 29,761618 60,981674
108,96154 30,013329 61,797077
58,595505 30,26504 62,612476
92,00363 30,51675 63,42788
105,866234 30,768461 64,24328
102,7267 31,020172 65,05868
102,37647 31,271883 65,87408
44,99686 31,523594 66,68948
43,462315 31,775305 67,50488
73,196526 32,027016 68,32028
97,84416 32,278725 69,13568
77,56841 32,530437 69,95108
44,85487 32,782146 70,76649
71,80248 33,03386 71,58189
92,87196 33,28557 72,397285
50,14686 33,91415 72,97446
63,928036 34,542732 73,55162
48,440746 34,22527 74,34374
106,16168 34,004505 75,16806
110,907616 33,78374 75,99238
101,45931 33,562977 76,816696
90,66745 33,342213 77,641014
110,065674 33,12145 78,46533
112,0369 32,900684 79,28965
73,226555 32,67992 0,11396583
105,25342 32,459156 0,93828374
100,76948 32,23839 1,7626016
91,59211 32,017628 2,5869195
109,961 32,407917 1,8280325
61,2845 32,79821 1,0691453
80,46614 33,1885 0,31025815
79,59519 33,578793 79,55137
84,19911 33,96908 78,79248
50,697998 34,359375 78,0336
69,95231 34,749664 77,27471
85,85236 35,139957 76,51582
69,73427 35,530247 75,756935
97,51204 36,353165 75,982864
74,14274 37,176083 76,208786
49,271973 37,999 76,434715
92,27833 38,82192 76,660645
55,356163 39,644836 76,88657
102,15183 40,467754 77,112495
63,694576 41,290672 77,338425
66,54071 42,11359 77,564354
110,56276 42,93651 77,79028
55,084934 43,759426 78,016205
68,16981 44,582344 78,242134
65,44237 45,40526 78,46806
47,564205 46,228176 78,69399
93,7823 47,051094 78,919914
98,48219 47,874012 79,14584
65,05681 48,69693 79,37177
79,01475 49,072384 0,13810784
85,49125 48,222565 0,21588284
111,554245 47,37275 0,29365784
52,20969 46,522934 0,3714328
57,607647 45,67312 0,4492078
101,014626 44,8233 0,52698284
57,24032 43,973484 0,6047578
77,69583 43,12367 0,6825328
60,578335 42,273853 0,7603078
103,950165 41,424034 0,8380828
52,95009 40,57422 0,9158578
46,79163 39,724403 0,9936328
85,39486 38,874588 1,0714078
64,45891 38,02477 1,1491828
107,13255 37,174953 1,2269578
102,65612 36,325138 1,3047328
111,94649 35,475323 1,3825078
110,247314 34,625504 1,4602828
97,731766 33,77569 1,5380578
107,14003 32,925873 1,6158328
100,4129 32,076057 1,6936077
78,328094 31,22624 1,7713827
111,15127 30,376423 1,8491577
94,41723 29,526608 1,9269327
48,892994 30,16935 1,3655788
100,98659 30,812092 0,8042249
73,17933 31,454836 0,24287097
106,941734 32,09758 79,68152
86,421715 32,740322 79,12016
103,5826 33,383064 78,55881
93,18694 34,025806 77,99745
45,119038 34,66855 77,436104
58,523792 33,876606 77,1182
60,47532 33,084663 76,8003
56,324028 32,292717 76,4824
59,906364 31,500772 76,1645
67,33131 30,708828 75,846596
73,69802 29,916883 75,528694
53,181007 29,124939 75,2108
82,74801 28,332994 74,8929
58,364853 27,541052 74,575
102,18912 26,749107 74,257095
61,237026 25,957163 73,93919
93,23638 25,165218 73,62129
59,84166 24,373274 73,30339
95,712234 23,58133 72,98549
100,78233 22,789385 72,667595
95,09633 21,99744 72,34969
66,400696 21,205496 72,03179
106,25263 20,413551 71,71389
48,366375 19,621607 71,39599
84,47716 18,829662 71,07809
92,39374 18,037718 70,760185
108,14205 17,245773 70,44228
83,603355 16,807123 69,71029
53,309277 16,368473 68,97829
47,74904 15,929822 68,24629
87,15923 15,491171 67,51429
65,56764 15,052521 66,782295
54,344364 14,61387 66,05029
67,60558 14,175219 65,3183
54,357 13,736568 64,586296
96,61861 13,297917 63,854298
94,96832 12,859267 63,1223
59,978085 12,420616 62,3903
50,834343 11,981965 61,6583
73,7011 11,543315 60,9263
76,04933 11,104664 60,1943
62,214268 10,666014 59,462303
86,18883 10,227363 58,730305
79,02263 9,788712 57,998306
109,83076 9,350061 57,266308
73,349846 8,91141 56,53431
83,96156 8,47276 55,80231
111,9042 8,034109 55,070312
57,112183 7,5954585 54,33831
91,60024 7,6966853 55,185654
107,59958 7,7979126 56,032997
55,437595 7,89914 56,88034
110,36794 8,000367 57,727684
79,97606 8,101594 58,575027
108,90975 8,202822 59,422367
106,97442 8,304049 60,26971
105,43095 8,405275 61,117054
63,52881 8,506503 61,964397
102,64186 8,60773 62,81174
88,299416 8,708957 63,659084
80,196785 8,8101845 64,506424
91,34021 8,911411 65,35377
100,88205 9,024426 64,50792
45,527164 9,137441 63,662067
44,63474 9,250456 62,816216
102,15717 9,36347 61,970364
58,12238 9,476485 61,12451
104,85072 9,589499 60,27866
107,90345 9,702515 59,432808
90,28226 9,815529 58,586956
108,739716 9,928544 57,741108
47,85915 10,041558 56,895256
49,752235 10,154573 56,049404
56,874035 10,267588 55,203552
95,65282 10,380603 54,3577
66,24672 2,4189138 52,399963
100,58558 1,5775391 52,54253
96,213905 0,7361643 52,685097
94,41323 59,89479 52,827663
56,015167 59,053413 52,97023
93,07011 58,21204 53,112793
52,219505 57,370667 53,25536
43,66778 56,52929 53,397926
49,660133 55,687916 53,540493
96,26185 54,846542 53,68306
78,64556 54,005165 53,825626
100,83412 53,16379 53,968193
58,06045 52,32242 54,11076
90,44753 51,48104 54,253326
103,22033 50,639668 54,395893
99,22909 49,79829 54,53846
66,4046 50,507584 55,012955
55,713673 51,216873 55,487446
80,55135 51,926163 55,96194
64,9185 52,635456 56,43643
102,98819 53,428665 56,121704
56,567932 54,221874 55,806973
85,27981 55,015087 55,492245
44,802826 55,808296 55,177517
92,90148 56,601505 54,86279
78,3703 57,39472 54,548058
94,81219 58,187927 54,23333
91,40815 58,981136 53,918602
101,30223 59,77435 53,603874
52,346264 59,265377 52,9189
111,81822 58,75641 52,23393
103,3325 58,247437 51,548958
105,33036 57,568333 51,032185
50,86299 56,88923 50,51541
108,16891 56,210125 49,998642
82,17665 55,531017 49,48187
55,015358 54,851913 48,9651
69,34553 54,17281 48,448326
91,803856 53,493702 47,931553
53,82387 52,814598 47,414783
101,86684 52,135494 46,89801
71,75921 52,12197 46,04475
90,49857 52,108448 45,19149
87,507614 52,09493 44,33823
45,085793 52,081406 43,484966
84,87386 52,067883 42,631706
77,10055 52,054363 41,778446
83,53011 52,04084 40,925186
105,7183 52,027317 40,071926
67,54067 52,013798 39,218662
72,65702 51,288136 39,66772
43,326138 50,562473 40,11678
45,537556 49,83681 40,565834
63,77114 49,11115 41,014893
96,34261 48,385487 41,463947
45,936623 47,65983 41,913006
56,63456 47,21126 41,18704
85,02235 46,762695 40,461075
49,529556 46,31413 39,735107
46,638218 46,037224 40,5423
93,43061 45,76032 41,349495
60,237892 45,483418 42,15669
102,664795 45,206512 42,963882
73,81522 44,929607 43,771076
67,25845 44,652702 44,578266
47,699413 44,375797 45,38546
103,385315 44,098896 46,192654
89,629135 43,253647 46,075207
69,60721 42,4084 45,957756
45,71659 41,563152 45,84031
57,840843 40,717907 45,72286
86,85371 39,872658 45,605408
70,297066 39,027412 45,48796
105,406685 39,875515 45,393295
87,37837 40,723614 45,29863
47,43416 41,571716 45,203968
85,34138 42,419815 45,109303
52,311146 43,267918 45,014637
90,98615 44,11602 44,91997
69,21643 44,96412 44,82531
82,404594 45,81222 44,730644
88,304054 46,66032 44,63598
63,86933 46,583115 43,78611
105,80336 46,505913 42,93624
98,21073 46,428707 42,086376
57,10079 46,3515 41,236507
70,760185 46,274296 40,38664
59,027153 46,19709 39,53677
63,6617 46,119884 38,6869
100,59312 46,909107 39,011505
107,416435 47,542625 38,439762
87,81887 48,176144 37,86802
99,68589 48,69818 38,543087
59,663727 49,220215 39,21815
91,19421 49,608307 39,978165
44,82564 49,996403 40,73818
57,573822 50,384495 41,49819
56,922195 51,237854 41,501987
98,675255 52,091213 41,50578
45,00046 52,944572 41,509575
77,92398 53,79793 41,513367
97,233505 54,65129 41,51716
84,965294 55,465645 41,262085
73,36415 56,28 41,007008
98,45325 57,094353 40,75193
104,27255 57,908707 40,496857
72,89995 58,72306 40,24178
95,10836 59,40134 39,723923
87,26921 59,33335 40,574577
92,000084 59,26536 41,425236
108,803925 59,197372 42,27589
103,575485 59,12938 43,126545
104,65025 59,06139 43,9772
66,96376 58,9934 44,827854
49,775562 58,92541 45,67851
105,76713 58,857418 46,529163
100,071236 58,78943 47,379818
62,075127 58,72144 48,230476
57,864456 58,653446 49,08113
68,08659 58,585457 49,931786
85,13361 58,517467 50,78244
86,35384 58,44948 51,633095
92,17387 58,381485 52,48375
100,86615 58,313496 53,334404
68,002235 58,245506 54,18506
78,11513 58,177517 55,035717
66,3001 58,109524 55,88637
61,996822 58,041534 56,737026
101,902916 57,973545 57,58768
49,662598 57,905556 58,438335
105,39299 57,837563 59,28899
92,67905 57,769573 60,139645
64,95583 57,701584 60,9903
112,17742 57,63359 61,840958
68,76079 57,5656 62,691612
100,56499 57,497612 63,542267
51,338985 57,429623 64,39292
48,735664 57,36163 65,243576
72,633316 57,32414 66,09612
75,05529 57,286644 66,94866
67,01353 57,647213 66,17522
56,020092 58,007782 65,401764
68,63154 58,36835 64,62831
110,22175 57,572 64,321625
102,6501 56,775642 64,014946
50,679943 56,77793 63,16158
55,06357 56,78022 62,308216
91,59369 56,78251 61,45485
64,439026 56,784798 60,601486
66,621185 56,787086 59,74812
110,54659 56,789375 58,894756
83,01596 56,791668 58,04139
103,39507 56,793957 57,188026
91,95777 56,796246 56,33466
90,53621 57,049797 55,51983
94,12658 57,30335 54,705
91,852974 57,5569 53,89017
109,38321 57,81045 53,07534
68,967384 58,064003 52,26051
77,44528 58,317554 51,44568
70,01223 58,571106 50,630848
110,629234 58,824657 49,816017
112,07859 59,07821 49,00119
75,67809 59,33176 48,18636
91,18179 59,58531 47,37153
102,58987 59,838863 46,556698
56,804256 0,09241514 45,741867
61,082336 0,3459667 44,927036
53,497066 0,59951824 44,112206
85,8581 0,8530698 43,297375
76,110855 1,1066214 42,482548
77,29154 1,0612836 41,630383
56,915848 1,0159459 40,77822
46,604122 0,9706082 39,92606
64,49145 0,92527044 39,073895
69,83785 0,8799327 38,221733
106,12256 0,83459496 37,36957
110,9261 0,7892572 36,517406
61,84604 0,7439195 35,665245
49,51053 0,69858176 34,813084
64,81625 0,6532441 33,96092
48,684174 0,60790634 33,108757
84,926575 0,5625686 32,256596
54,94814 0,51723087 31,404432
56,359497 0,47189313 30,552269
73,26278 0,4265554 29,700106
52,679203 0,3812177 28,847942
72,18142 0,33587995 27,99578
76,14083 0,29054222 27,143618
54,284203 0,2452045 26,291454
48,87124 0,19986677 25,439293
94,09556 0,15452904 24,58713
70,15473 0,10919131 23,734966
57,76399 0,063853584 22,882805
48,376907 0,018515855 22,030642
110,11626 59,97318 21,178478
112,21528 59,92784 20,326317
77,00728 59,882504 19,474154
64,797516 59,837166 18,62199
80,6949 59,79183 17,769829
78,38808 59,74649 16,917665
60,144196 59,701153 16,065502
57,1803 59,655815 15,213341
107,56349 59,610477 14,361177
111,344055 59,56514 13,509015
106,41879 59,519802 12,656853
63,120754 59,474464 11,804689
54,98162 59,429127 10,952527
56,813232 59,38379 10,100365
95,14256 59,33845 9,248201
69,7852 59,293114 8,396039
49,352856 59,247776 7,543876
103,212715 59,20244 6,6917133
44,36037 59,1571 5,839551
55,383842 59,111763 4,987388
104,55302 59,066425 4,1352253
76,78312 59,021088 3,2830627
80,84081 58,97575 2,4309
94,93024 58,93041 1,5787374
57,066265 58,88507 0,72657466
75,11588 58,839733 79,87441
102,03199 58,794395 79,02225
93,9557 58,749058 78,17009
108,78579 58,70372 77,317924
65,177986 58,658382 76,46576
62,10882 58,613045 75,6136
51,89424 58,567707 74,76144
68,42646 58,52237 73,90927
51,32786 58,47703 73,05711
93,891136 58,431694 72,20495
106,01629 58,386356 71,35278
56,974026 58,34102 70,500626
72,889275 58,29568 69,64846
43,333862 58,250343 68,796295
110,72912 58,205006 67,94414
80,16669 58,983402 67,59437
105,59995 59,7618 67,2446
56,327297 0,54019415 66,89484
103,27728 1,31859 66,54507
106,33803 2,0969858 66,195305
90,76852 2,691857 66,80715
55,29452 3,2867284 67,41901
51,058815 2,6168633 67,9477
60,45421 1,9469984 68,476395
67,4094 1,2771333 69,00509
46,257244 0,6072684 69,53378
81,091095 59,937405 70,06248
102,08497 59,26754 70,59117
67,15332 58,44696 70,356895
97,2911 57,62638 70,12261
96,95883 56,8058 69,888336
85,36491 56,40929 69,132675
69,10303 56,012775 68,37702
71,37074 55,616264 67,62137
51,21132 55,219753 66,865715
68,81869 54,82324 66,11006
48,079487 55,655025 66,30076
77,68154 56,486816 66,491455
53,742058 55,777195 66,017456
91,16226 55,06757 65,54346
86,23945 55,7086 66,10677
89,596344 56,26557 65,46023
74,16931 56,822548 64,81369
86,37605 57,664185 64,672676
45,616444 58,404446 65,09724
51,16879 59,144707 65,5218
51,362026 59,884968 65,94636
80,736595 0,6252273 66,37092
43,464275 1,3654879 66,79548
103,31369 2,1057487 67,22004
54,297672 2,8460093 67,6446
49,67986 3,5862699 68,06916
91,925 4,3265305 68,49371
46,77177 5,066791 68,918274
92,13044 5,807052 69,342834
46,577316 6,5473127 69,767395
75,15965 7,2875733 70,191956
104,58007 8,027834 70,616516
105,659966 8,768095 71,04108
77,06069 9,508355 71,46564
81,75268 10,248616 71,89019
98,55357 10,988876 72,31475
52,062607 11,729137 72,73931
71,91572 11,737516 71,88599
66,159874 11,745895 71,03266
94,96483 11,754273 70,17934
90,80534 11,04886 70,65957
47,361958 10,343446 71,13981
59,85354 9,638032 71,62004
73,41264 8,932617 72,10028
76,70527 9,309751 72,86579
70,85486 9,529806 72,04128
74,911804 9,749862 71,21678
86,34198 9,969917 70,39227
104,121346 10,189973 69,567764
54,696827 10,410028 68,743256
90,16722 9,620567 69,067276
105,90283 8,831106 69,39129
93,13907 8,041645 69,71531
99,06965 7,252184 70,03933
93,4252 6,462723 70,36335
80,087204 6,7821255 71,154686
88,4039 7,1015286 71,94602
66,19454 7,4209313 72,737366
72,12918 8,242171 72,50541
75,87511 9,063411 72,27346
78,49727 9,88465 72,041504
92,06108 10,70589 71,809555
83,48198 11,527129 71,5776
84,27907 12,34837 71,34565
79,09719 11,50499 71,47583
57,679558 10,66161 71,60601
82,494 9,81823 71,73619
58,50103 8,97485 71,86637
51,364925 8,13147 71,99655
53,95596 7,2880898 72,12673
98,17128 6,5057244 71,785934
58,76887 5,7233596 71,445145
89,352516 6,157053 70,7102
69,09132 6,5907464 69,97525
87,31955 7,02444 69,2403
73,98173 7,4581337 68,505356
109,99961 7,891827 67,77041
94,17195 8,427873 67,106415
90,75515 8,963919 66,44241
96,33859 9,499965 65,77842
111,8656 10,036011 65,114426
110,92654 10,572057 64,450424
111,09637 11,108102 63,78643
107,295074 11,644148 63,122433
76,3109 12,180194 62,458435
82,2545 12,71624 61,79444
85,10748 13,252286 61,130444
88,24548 13,788332 60,466446
62,08454 13,646313 61,307915
88,16737 13,504293 62,14938
90,94583 13,362274 62,99085
102,02202 13,220254 63,832314
68,6036 13,078235 64,67378
60,62951 12,936215 65,51525
74,39294 12,794196 66,35672
101,230095 12,652177 67,19818
69,83791 12,510158 68,03965
109,82387 12,368138 68,88112
59,925488 13,167608 69,17959
70,537674 13,967078 69,47806
100,05752 14,413524 68,750786
60,210308 14,859968 68,02351
51,87742 15,306414 67,29625
111,31231 15,752858 66,56898
80,553825 16,199303 65,841705
73,92568 16,645748 65,11443
43,744488 15,888399 64,72117
89,14806 15,13105 64,327896
96,50568 14,373701 63,93463
72,38338 13,616352 63,541363
71,73652 12,859003 63,148098
76,28739 12,101654 62,75483
52,76289 11,344304 62,36156
74,6949 10,586955 61,968296
78,250694 9,829606 61,575027
47,622288 9,072257 61,18176
95,82528 8,938157 60,338993
89,8281 8,804057 59,49623
84,73318 8,669957 58,653465
91,0037 8,535857 57,8107
56,619347 8,401756 56,967934
103,83182 8,267656 56,125168
109,495384 8,133556 55,282402
81,09505 7,3658195 55,654984
96,708084 6,5980825 56,027565
95,4616 5,794583 55,740116
91,79052 6,5707097 55,38534
107,69893 7,346836 55,03057
60,724754 8,122963 54,675797
60,635357 8,89909 54,321022
102,63351 2,6310937 53,812504
46,406445 1,7868952 53,937263
76,01303 0,9426967 54,062027
75,685104 0,098498166 54,18679
93,83326 59,2543 54,31155
56,671658 0,058518928 54,026127
51,87736 0,8627382 53,7407
43,529488 1,6669575 53,455273
106,69251 2,4711769 53,169846
94,59749 2,419703 52,99603
79,254776 1,5897467 53,19455
85,94397 1,8432468 54,009396
49,31854 2,096747 54,82424
79,86187 2,350247 55,639088
57,089825 2,6037471 56,453934
44,26015 2,857247 57,26878
73,8584 3,1107473 58,083626
84,82002 3,3642473 58,89847
55,888508 3,6177473 59,713318
44,927876 3,8712475 60,528164
106,12834 4,1247478 61,34301
96,48867 4,3782477 62,157856
58,340008 4,6317477 62,972706
99,74762 4,8852477 63,78755
76,78145 5,1387477 64,602394
106,966156 5,392248 65,417244
51,669895 5,645748 66,232086
79,11241 5,899248 67,046936
67,62772 6,152748 67,86178
53,425003 6,4062486 68,67663
102,34518 6,6597486 69,49148
61,67177 6,9132485 70,30632
84,81259 7,1667485 71,12117
77,10657 7,943127 71,47539
80,10721 8,719506 71,82961
85,56482 8,276126 71,100464
93,17511 7,8327456 70,37132
100,26185 7,3893657 69,64218
60,98983 6,557716 69,83347
45,991455 5,7260656 70,02477
49,69387 4,894416 70,21607
98,79563 4,062766 70,40737
109,362755 3,231116 70,59867
69,00183 2,606834 71,18049
53,390636 2,123843 70,47695
77,00912 1,6408519 69,77342
58,24004 1,1578608 69,06989
85,153885 0,67486966 68,36636
75,858505 0,1918786 67,66283
50,341797 59,70889 66,9593
104,054924 59,529144 67,79352
105,98374 59,349403 68,62775
72,59559 59,16966 69,46197
107,57131 58,989918 70,296196
87,065865 58,810173 71,13042
47,73663 58,630432 71,96464
106,28889 58,45069 72,79887
97,157814 58,270947 73,63309
101,68219 58,106415 72,79573
97,05034 57,94188 71,958374
70,73477 57,777348 71,12102
80,60779 57,612812 70,28366
56,995102 57,44828 69,446304
54,371822 57,283745 68,60895
68,22322 57,119213 67,77159
57,16523 56,51079 68,36998
78,38989 55,90237 68,96836
74,919716 55,293953 69,56674
46,601566 54,68553 70,16512
57,28705 54,07711 70,763504
102,307076 53,46869 71,361885
61,01549 52,860268 71,96027
45,72045 52,25185 72,558655
68,727066 51,64343 73,157036
57,9126 51,035007 73,75542
89,33763 50,426586 74,3538
44,334175 49,81817 74,95218
111,99504 49,209747 75,55057
105,90705 50,004574 75,86119
81,36658 50,7994 76,171814
83,31763 51,594227 76,482445
53,742268 52,38905 76,79307
66,76356 53,183876 77,10369
101,46414 53,978703 77,414314
100,977394 54,77353 77,724945
49,32961 55,568356 78,03557
60,24513 56,363182 78,34619
69,641685 57,15801 78,65682
44,19225 57,952835 78,967445
65,90115 58,74766 79,27807
67,85081 59,542484 79,5887
104,133896 0,33731186 79,89932
78,648544 1,1321379 0,20994803
92,31024 1,926964 0,5205736
43,855244 2,72179 0,8311992
60,204285 2,126392 1,4425402
47,580067 1,5309938 2,0538812
85,62296 2,381391 2,1250238
93,12101 3,2317882 2,1961663
44,729454 4,0821857 2,267309
82,62177 4,932583 2,3384516
89,12622 5,78298 2,4095943
45,611343 5,326246 1,6887401
61,902832 4,8695116 0,967886
69,6338 4,4127774 0,24703184
91,945465 3,9560435 79,52618
58,28029 4,0816345 0,3702533
57,2473 4,207226 1,2143289
74,96691 3,4947193 0,7446786
54,004765 4,030057 0,08011099
77,05287 4,565395 79,41554
53,63342 5,100733 78,75098
83,43027 5,6360707 78,08641
79,16236 5,5828643 77,2347
97,828 5,529658 76,382996
47,797752 5,476451 75,53129
49,348015 5,4232445 74,67958
76,5193 5,370038 73,82787
104,43165 5,3168316 72,976166
60,206146 5,263625 72,12446
104,563416 4,8533044 71,376205
68,16213 4,442984 70,62796
62,019737 3,6640441 70,2794
51,167892 2,8851042 69,930855
111,47692 2,1061642 69,5823
59,53196 1,3272243 69,23375
48,07786 0,5482843 68,88519
74,35924 59,769344 68,536644
71,5579 58,990406 68,18809
57,874504 58,211464 67,83954
97,36198 57,432526 67,49098
86,66247 58,2828 67,41837
51,209053 59,13307 67,345764
50,899338 59,983345 67,273155
108,93562 0,8336179 67,20055
56,135727 1,6838913 67,12794
49,30111 2,5341647 67,05533
108,83287 3,384438 66,98273
63,62472 4,234711 66,91012
109,01198 5,084985 66,83751
73,93556 5,935258 66,7649
68,8737 6,7855315 66,69229
79,38413 7,6358047 66,61968
104,16025 8,486078 66,54707
105,0755 8,272622 67,373314
81,6631 8,059166 68,199554
74,308365 7,8457103 69,025795
77,50205 7,6322546 69,852036
83,753395 7,418799 70,678276
86,34431 7,205343 71,50452
96,704895 6,991887 72,33076
90,55932 6,7784314 73,157
68,11821 7,6121826 73,33892
80,2513 8,445934 73,520836
62,519306 9,279686 73,70276
95,309586 10,113438 73,88468
104,914474 9,729895 73,12236
112,120575 9,346352 72,36004
78,11537 8,962809 71,597725
77,72786 8,579266 70,8354
46,81527 8,126928 71,55902
64,55332 7,6745915 72,282646
108,94816 7,2222548 73,00626
63,801514 6,769918 73,72989
111,62418 6,317581 74,45351
88,44349 5,8652444 75,17713
76,31561 5,4129076 75,90075
100,30514 4,960571 76,624374
70,68331 4,508234 77,34799
53,88085 4,055897 78,07162
102,83853 3,6035602 78,79524
106,7237 3,1512234 79,51886
97,33523 2,6988866 0,24248172
56,586678 2,2465498 0,96610326
80,86557 1,7942129 1,6897248
71,69826 1,3418761 2,4133463
69,25767 0,88953936 3,136968
61,617065 0,43720254 3,8605895
94,50207 59,984867 4,584211
67,97469 59,532528 5,3078327
74,240944 59,080193 6,031454
69,66599 58,627853 6,755076
103,419495 57,839283 7,0812535
87,80866 57,050713 7,407431
99,41819 57,83803 7,7366195
71,56493 58,62535 8,065807
43,442295 59,41267 8,394996
62,832123 0,1999902 8,724184
101,34764 0,98730963 9,053372
75,31293 1,7746291 9,382561
91,40204 1,3631617 8,634943
