0
39,779415 8,87455 62,08517
50,443142 8,270438 61,296898
36,851982 7,666326 60,508625
45,77209 7,0622144 59,720352
83,81058 6,5361753 60,562733
82,346405 6,0101366 61,405117
92,31069 5,484098 62,2475
103,839905 4,958059 63,089886
92,75784 4,43202 63,932266
105,078255 5,401389 64,148254
49,426155 6,3707585 64,364235
93,64741 7,3401275 64,58022
62,203655 6,4040804 64,9121
51,203693 5,4680333 65,24397
93,1412 4,531986 65,57585
60,089336 3,5959392 65,90773
64,972084 2,659892 66,23961
105,77599 3,1136036 67,12305
68,00694 3,5673149 68,00649
42,667164 4,0210266 68,88994
56,396805 4,4747376 69,77338
73,12626 4,928449 70,65682
58,848392 5,9106383 70,50975
114,774445 6,8928275 70,36268
88,62292 7,875017 70,21561
65,14664 7,0348864 70,74523
63,303032 6,194756 71,274864
98,8576 6,644921 72,16012
67,74992 7,4096866 72,793724
112,148865 8,174452 73,42734
97,85492 8,939218 74,06094
83,259735 9,569192 74,828705
93,865845 10,317491 74,17573
55,104588 10,9108715 73,37935
85,938545 11,504252 72,58297
65,39727 10,587026 72,20215
80,55626 9,669799 71,821335
35,262917 8,685602 71,954315
67,17667 7,7014055 72,087296
98,9503 6,717209 72,220276
67,27489 7,554004 71,68539
69,946045 8,3907995 71,150505
47,978344 9,227594 70,61562
65,74484 10,06439 70,08074
81,925575 10,901185 69,54586
68,700005 11,737981 69,01097
110,432106 11,039679 68,30479
72,51989 10,341376 67,5986
63,561646 9,439422 67,1829
110,88522 8,537467 66,767204
58,63738 7,635513 66,35151
54,867508 8,596305 66,60291
71,96235 9,522519 66,96132
36,013935 10,448733 67,319725
51,691017 11,374948 67,67812
31,793346 12,301162 68,03653
88,07898 13,227376 68,394936
32,903385 14,15359 68,753334
116,54257 15,13992 68,63724
87,02116 16,12625 68,52113
58,121834 17,11258 68,40503
34,066216 18,09891 68,288925
48,49989 19,08524 68,17282
54,750797 18,108862 68,35452
76,34617 17,132484 68,53622
61,981503 16,328142 69,11877
106,40913 16,938017 69,90259
84,66558 17,547892 70,68641
54,196404 18,157768 71,47024
86,969894 18,571194 70,56724
72,48645 18,984621 69,66424
83,19596 19,97402 69,75036
101,960754 20,135107 70,73035
37,74171 20,296196 71,710335
95,97657 20,457283 72,69032
52,063847 20,618372 73,67031
49,49942 20,779459 74,6503
33,309452 20,940546 75,63029
84,4114 21,101635 76,610275
75,444855 21,262722 77,59026
44,90068 21,42381 78,57025
32,08764 21,584898 79,55024
79,180534 22,444805 79,05337
88,80071 23,304714 78,556496
44,870296 24,164621 78,059616
79,87955 25,02453 77,562744
112,724945 25,884438 77,06587
39,115456 24,903095 76,913246
49,12911 23,921753 76,76063
112,87164 22,94041 76,608
64,59082 23,927383 76,71851
40,47328 24,914354 76,829025
112,55254 25,901327 76,93954
56,808784 26,888298 77,05005
66,51058 27,87527 77,16056
81,047554 27,363804 76,30925
96,811714 26,852339 75,45794
62,170784 27,57134 76,14304
31,969126 28,29034 76,82814
83,16645 29,009342 77,513245
71,84121 28,188433 76,954285
41,29607 27,202333 76,83624
54,659515 26,216234 76,7182
66,87431 25,230135 76,60015
88,76702 24,244036 76,48211
31,927889 24,837673 75,68591
33,23012 25,019152 74,709496
88,36115 25,20063 73,73308
58,315216 25,382109 72,75666
115,66096 25,563587 71,78024
89,56058 25,745066 70,803825
79,73416 26,618841 70,331764
45,68897 27,492617 69,8597
60,93872 27,393526 70,847885
101,25466 28,332085 70,523186
48,24984 29,270645 70,19848
66,616135 30,209204 69,87378
64,78767 31,147764 69,54907
89,44383 32,086323 69,22437
77,61072 31,202782 68,77085
49,588245 30,31924 68,31733
54,71054 29,4357 67,86381
51,240475 28,552158 67,410286
105,23615 27,668617 66,956764
87,914345 26,785076 66,50325
41,69366 25,901535 66,04973
94,86553 25,017992 65,59621
66,98263 25,851065 66,13687
79,71229 26,684137 66,67753
75,63395 27,51721 67,21819
101,37973 28,350283 67,75886
69,05318 27,949354 66,85024
71,24684 27,548426 65,94163
52,831944 27,147497 65,03301
99,666145 26,746567 64,1244
62,95986 26,345638 63,21578
65,7647 25,94471 62,307163
63,861416 25,543781 61,39855
62,9135 25,14285 60,489933
42,939915 24,741922 59,581318
45,913807 24,340994 58,672703
110,09584 23,940065 57,764088
92,51942 22,95538 57,893406
54,701965 22,480251 57,021294
107,1827 22,005121 56,14918
88,93684 21,331072 55,41981
70,37657 20,657022 54,690437
106,167984 17,916252 54,13836
82,8447 18,905422 54,227062
112,20525 19,894592 54,315765
109,027824 20,883762 54,40447
81,60024 21,872934 54,493168
68,859604 22,862104 54,58187
36,492947 23,851274 54,670574
41,220673 24,840445 54,759277
55,351612 25,829615 54,84798
112,01774 26,818785 54,93668
39,732628 25,87489 55,24553
35,43169 26,212006 54,311356
67,92226 26,549122 53,377182
114,24992 26,886236 52,44301
63,16283 27,223352 51,50884
89,816536 27,560469 50,574665
108,02447 27,619377 49,583275
107,01878 26,666998 49,864876
95,298416 26,241013 50,762016
113,034805 25,81503 51,659157
42,184494 25,389044 52,5563
34,35672 24,963058 53,45344
74,99132 24,537073 54,350582
82,16535 24,11109 55,247723
72,57975 23,685104 56,144867
34,126312 23,259119 57,042007
49,492393 22,833134 57,939148
100,38446 22,407148 58,836292
58,811905 21,981165 59,733433
86,06609 22,568619 60,534195
85,98922 23,156073 61,33496
104,90047 24,14408 61,435802
104,19595 24,991385 60,917732
82,91421 25,83869 60,39966
78,12964 26,685995 59,881584
75,9007 27,5333 59,36351
43,01026 28,380606 58,84544
41,976017 29,227911 58,327366
84,903625 30,075216 57,80929
97,04799 31,056786 57,960453
62,519577 32,038353 58,111614
75,19651 33,019924 58,26277
62,303623 34,00149 58,413933
70,28845 34,98306 58,565094
90,89911 35,96463 58,716255
62,50083 36,946198 58,867413
69,017136 37,927765 59,018574
83,756424 38,909332 59,169735
97,19179 39,890903 59,320896
68,02146 40,87247 59,472054
111,94494 41,85404 59,623215
105,49688 42,83561 59,774376
42,968315 43,817177 59,925537
91,923096 44,798744 60,0767
90,49337 45,780315 60,227856
64,85806 46,55098 59,60144
51,975567 47,321648 58,97502
36,86639 48,25822 59,305412
71,32647 49,19479 59,635803
114,57671 50,131363 59,966194
71,42019 51,067936 60,296585
114,79247 52,00451 60,626976
92,22058 52,941082 60,957367
45,78746 53,87765 61,28776
54,01761 54,836975 61,030796
58,07157 55,796295 60,77383
56,25067 56,755615 60,516865
61,796494 57,14286 59,602333
65,411224 57,53011 58,687805
72,87476 57,91736 57,773273
66,83402 58,304607 56,858746
36,616512 58,691856 55,944214
65,23619 59,079105 55,029686
79,56971 59,466354 54,115154
46,202293 59,8536 53,200626
73,75398 0,24084994 52,286095
73,57051 0,68162733 51,39613
111,61081 1,1224047 50,50616
32,922314 1,5993178 49,635025
111,667984 0,6281137 49,8426
55,392796 59,65691 50,050182
49,20389 58,685707 50,25776
36,64212 57,7145 50,46534
34,675056 56,743298 50,672916
39,198322 55,772095 50,880497
97,816765 54,800888 51,088074
41,449337 53,829685 51,29565
104,08524 52,858482 51,50323
43,601604 51,887276 51,710808
96,292336 50,916073 51,91839
63,792103 50,010254 52,325596
32,857372 49,10444 52,732807
31,61674 48,19862 53,14002
74,97164 47,2928 53,54723
77,223076 46,386986 53,95444
96,068 45,481167 54,361652
110,930695 44,575348 54,76886
41,861313 43,66953 55,17607
105,93982 44,34256 54,44576
105,073975 44,783318 53,555782
105,072426 45,224075 52,665806
114,62514 45,664833 51,77583
63,834545 46,64508 51,93535
103,7525 46,6806 50,942844
102,29027 46,71612 49,95034
83,48372 46,751644 48,957836
58,661144 46,787167 47,965332
87,70486 46,822685 46,972828
92,88266 46,858208 45,980324
42,544617 46,89373 44,98782
115,81931 46,929253 43,995316
91,479 46,96477 43,00281
94,95592 47,9578 43,017586
66,28349 48,950832 43,03236
89,13194 49,943863 43,04713
37,365803 48,958946 42,919582
113,69593 47,974033 42,79203
76,08342 46,989117 42,664482
75,830864 46,004204 42,53693
43,037766 45,019287 42,40938
42,949894 44,034374 42,28183
60,956707 43,220085 41,713272
54,052975 42,405796 41,14471
108,29564 41,591507 40,57615
110,068665 40,77722 40,00759
112,44128 39,962933 39,43903
63,220783 39,148643 38,87047
112,6679 39,851536 38,16885
35,657658 40,554432 37,46723
77,262856 41,257324 36,765614
81,20487 41,960217 36,064
53,8337 42,66311 35,36238
54,999443 43,366 34,660763
74,143845 44,068897 33,959145
53,360653 44,77179 33,257526
103,873405 45,47468 32,55591
81,548775 46,177574 31,85429
59,272137 46,880466 31,152672
105,23801 47,58336 30,451054
113,96823 48,286255 29,749437
86,42174 48,989147 29,04782
106,39921 49,863625 28,577063
78,114044 50,738106 28,106304
50,17111 51,713974 28,290707
78,210434 52,68553 28,496637
54,440914 53,657085 28,702568
37,859562 54,62864 28,908499
42,492493 55,600193 29,11443
94,766685 56,57175 29,32036
51,185772 57,543304 29,52629
69,81304 58,51486 29,732222
86,646255 58,691166 28,754858
70,29989 59,628017 28,425262
40,96658 0,615879 28,52753
40,197987 59,756832 29,025892
61,075474 59,36444 28,113558
90,85118 59,19447 29,092043
72,80398 59,96306 29,721008
60,89165 0,73164827 30,349972
109,18778 1,5057269 29,727776
116,164215 0,55677843 29,43482
34,027172 59,60783 29,141865
116,172714 58,658882 28,84891
35,509155 57,709934 28,555954
93,398254 56,760986 28,262999
84,922035 55,812035 27,970043
113,51691 56,122272 28,913483
104,65144 56,432507 29,856924
90,906784 56,74274 30,800365
108,04396 57,052975 31,743807
72,93249 57,36321 32,68725
72,09108 57,673443 33,630688
82,5809 57,98368 34,574127
99,38715 58,293915 35,51757
45,826763 58,60415 36,46101
80,67332 58,914383 37,40445
44,97279 59,896442 37,552383
73,950294 0,878504 37,700314
78,583115 1,8605642 37,848248
76,78627 2,54309 42,342644
61,33023 2,096975 43,229946
43,439213 1,6508601 44,11725
64,10695 1,2047452 45,004555
78,88228 0,75863016 45,891857
93,593895 0,31251514 46,77916
78,93676 0,48235208 45,80065
52,171986 0,65218896 44,82214
85,025185 0,8220259 43,84363
103,77728 0,99186283 42,86512
61,455795 1,1616998 41,886612
83,086006 1,3315367 40,9081
88,147285 1,5013735 39,929592
41,111073 1,6712105 38,95108
113,06722 1,2454953 38,05381
47,349648 0,8197802 37,15654
38,6089 0,39406505 36,259274
85,10506 0,70399654 37,202812
86,73821 1,0139279 38,146355
69,52853 1,8760625 37,65335
98,47187 2,738197 37,16035
66,16611 1,8344164 36,74864
66,89725 1,0023298 36,20646
83,9684 1,8161914 35,637287
43,64165 2,630053 35,06812
34,25994 2,6574118 36,3162
95,27322 2,3407679 37,25751
57,36089 2,024124 38,19882
79,56824 1,3487183 38,926937
104,58674 0,67331266 39,655052
49,61546 59,997906 40,383167
61,54163 59,322502 41,111286
33,973705 58,904495 40,2104
82,40186 58,48649 39,30951
90,66356 58,06848 38,408623
90,51506 57,65048 37,507736
98,67146 57,23247 36,60685
58,512928 56,814465 35,705963
43,02773 56,396458 34,805077
45,517014 55,97845 33,90419
69,80564 55,560448 33,003304
56,850643 55,14244 32,102417
85,536446 54,724434 31,20153
35,277718 54,306427 30,300642
68,843315 54,21297 29,31191
37,38391 55,198376 29,188206
81,177605 56,18378 29,0645
76,844666 57,169186 28,940794
57,578354 56,216606 29,22172
114,39559 55,264027 29,502645
89,55494 56,028267 30,13689
98,09269 56,007774 31,129818
112,59729 55,987286 32,122746
43,609074 56,41418 31,226038
90,96232 56,48341 30,235315
84,827065 55,496784 30,121738
90,82309 54,510162 30,008162
101,67155 53,523537 29,894587
65,39673 54,490154 29,66659
50,57452 55,456768 29,438593
103,31872 56,42338 29,210598
102,640594 57,389996 28,982601
84,007515 57,399933 29,97569
101,6362 57,409866 30,96878
111,328476 57,419804 31,96187
106,10489 57,429737 32,95496
101,422745 58,406918 32,777626
109,825356 59,384094 32,600292
38,802734 0,36127394 32,42296
97,97482 1,3384529 32,245625
105,78013 2,3156319 32,068287
76,145164 4,6717467 31,735197
64,84142 4,0855193 30,933535
109,40512 3,4992921 30,131872
97,88704 2,913065 29,330208
55,45991 2,5987256 28,388126
33,814972 3,4836292 27,937271
99,05964 4,368533 27,486414
85,9659 5,253437 27,035559
104,03671 6,1383405 26,584702
115,87445 7,0232444 26,133844
60,52527 7,9081483 25,68299
76,71348 8,793052 25,232132
106,108025 9,677956 24,781277
34,661808 10,56286 24,33042
116,481415 11,447763 23,879562
40,363445 12,332667 23,428707
45,09988 13,217571 22,97785
112,385605 12,626233 22,179949
72,19256 12,034895 21,38205
35,53551 11,443557 20,584148
112,52646 10,852219 19,786247
84,22843 10,26088 18,988348
77,67054 9,669542 18,190447
40,814663 9,078204 17,392546
65,84029 8,486866 16,594645
39,41142 7,8955274 15,796745
103,73427 7,604488 14,847207
40,322613 7,313448 13,897669
60,15243 8,1405945 13,347983
66,39454 8,106625 14,340542
104,86654 7,3643284 13,680751
112,99526 6,4673533 14,107087
61,41235 7,4542704 14,218089
76,139275 8,441187 14,329092
75,729515 9,428103 14,440094
68,7972 10,41502 14,551097
108,78819 10,382719 15,543711
36,00801 9,499522 15,08952
66,80836 8,616324 14,635329
60,763622 7,7331276 14,181139
63,350224 8,62098 14,62616
43,80153 8,523914 13,637775
71,243935 8,426849 12,64939
91,570854 7,8745985 13,474827
95,52787 6,9122863 13,720349
55,99041 6,037583 14,19069
36,63845 5,201096 14,726055
61,29288 4,3646092 15,26142
106,61607 3,5281222 15,796785
81,470825 3,3186498 14,825988
44,722046 3,1091774 13,85519
64,83806 4,0784698 13,638861
78,14279 5,047762 13,422531
115,91721 6,017054 13,206201
36,440456 6,9863467 12,989871
66,37519 7,955639 12,773541
114,58623 8,924932 12,557212
70,41735 9,894223 12,340881
114,58103 10,863516 12,124552
83,59247 11,8328085 11,908222
42,565006 12,471159 11,14741
37,65207 13,10951 10,386599
31,67999 13,747861 9,625788
71,54743 14,386212 8,864976
73,993614 13,480661 8,457173
44,040928 13,854111 9,377424
61,38989 14,649204 8,782317
81,71156 15,444298 8,18721
115,68658 16,239391 7,592103
67,063675 17,034485 6,996996
58,867634 17,829578 6,401889
64,14501 16,842163 6,50837
87,22024 17,528584 5,790627
115,002335 18,215002 5,0728846
63,17957 18,901423 4,3551416
104,821724 18,563194 3,4213707
106,58249 18,224966 2,4876
91,13998 19,149319 2,1244218
37,500244 20,073671 1,7612437
40,431393 20,998024 1,3980656
86,64101 21,541435 0,56678355
53,190296 21,796265 1,5266733
99,626976 22,051094 2,486563
92,6224 21,256207 3,0819457
60,740276 22,219475 2,8401995
46,25827 23,182743 2,598453
108,477455 24,14601 2,3567069
46,727913 25,109278 2,1149604
64,06245 24,902353 3,0863042
60,443676 24,764051 2,1028414
88,868805 24,62575 1,1193787
59,502064 24,48745 0,13591598
70,55761 24,349148 79,15245
107,05357 23,35672 79,19008
56,302876 22,364294 79,22771
47,215393 21,371868 79,265335
48,20144 20,379442 79,30297
95,434616 21,362318 79,16057
45,77934 22,345196 79,018166
69,206665 23,328074 78,87576
36,680416 24,310951 78,73337
34,11015 25,293829 78,590965
53,65903 24,925097 79,513115
59,56055 24,556366 0,43526837
96,88859 24,187634 1,3574196
93,398315 23,818901 2,2795708
96,31208 23,450169 3,201722
88,37785 22,507614 3,5146384
45,537167 21,56506 3,827555
43,437798 21,181892 4,7438025
75,43136 20,798725 5,66005
85,28984 20,41556 6,5762973
53,74916 20,032393 7,492545
93,805435 19,649225 8,4087925
42,561306 19,26606 9,32504
89,104 18,882893 10,241287
70,778046 18,855923 9,248514
115,18923 19,618832 8,612671
55,799732 20,381739 7,976827
66,40244 19,40454 8,154044
92,72625 18,42734 8,331262
85,76497 17,450138 8,508478
43,637 16,472939 8,685696
43,817093 15,495738 8,862912
99,093636 14,766238 8,189001
95,216415 14,036738 7,5150895
88,245705 13,462901 8,325667
54,074028 14,145131 7,6039414
115,10289 14,82736 6,882215
34,65348 15,812562 6,7568965
60,605896 16,797764 6,631578
80,5435 15,925133 6,1574016
55,22264 15,2822275 5,400435
74,37566 16,221123 5,076706
115,435234 17,160019 4,752977
95,722 17,95655 5,346157
100,67364 16,963568 5,3637204
75,01485 15,970583 5,381284
92,10705 16,847569 5,847356
44,26951 17,724554 6,313428
67,77491 18,601538 6,7795
94,48953 18,375454 5,812436
67,29552 18,14937 4,8453727
46,733116 17,923285 3,878309
34,617905 17,6972 2,9112453
39,95388 17,471117 1,9441818
98,78191 17,245031 0,9771182
76,160835 16,368284 0,5106003
86,2759 15,491535 0,044082507
107,75857 16,4213 79,695
43,327587 17,351068 79,34591
60,95792 18,280834 78,996826
36,381134 17,28873 78,95148
90,08189 16,296627 78,906136
112,526825 15,304523 78,86079
31,637861 14,31242 78,81544
82,78177 13,320316 78,77009
46,087894 12,328212 78,72475
64,76065 11,336108 78,6794
85,312 11,634931 77,73228
37,368195 11,933753 76,785164
112,4999 12,232574 75,83804
101,21306 12,920456 76,55438
110,6584 13,608336 77,27073
115,67178 14,21677 78,05567
56,720055 14,825204 78,840614
82,7173 13,883505 79,1561
42,851875 12,941806 79,47158
63,963856 12,318636 78,69828
89,26706 11,695466 77,92499
92,384415 11,072295 77,151695
69,08681 10,449125 76,3784
57,71723 9,825955 75,6051
46,84651 9,202785 74,83181
70,41216 9,082124 73,84602
56,62245 8,961462 72,860245
69,10305 8,88564 71,87
84,49053 8,809818 70,87976
59,34393 8,733995 69,88952
86,72961 8,658174 68,89928
64,37497 9,290839 68,133736
81,72545 9,923505 67,36819
64,670876 10,55617 66,602646
76,335526 10,935919 65,684975
107,89322 11,315667 64,7673
73,91094 11,6954155 63,849632
109,03334 12,075164 62,931965
63,611324 12,454912 62,014294
85,0156 11,467872 62,12419
77,04629 10,480831 62,23409
54,131504 9,493791 62,343987
100,198166 8,50675 62,453884
45,23424 7,5197096 62,563778
100,367775 7,129528 61,650497
71,600685 6,139351 61,727146
41,56641 5,1491733 61,803795
82,45035 4,158996 61,880444
65,16159 5,1423073 61,74107
113,17622 6,125619 61,601696
82,56167 7,10893 61,462322
33,121307 8,092241 61,32295
57,53983 9,075553 61,183575
92,54346 10,058864 61,0442
85,03507 11,042175 60,904827
101,88633 11,250616 61,875847
106,561195 10,310525 62,196087
66,06255 9,349875 61,944138
44,19306 8,389226 61,69219
35,54683 7,428576 61,440243
74,24179 6,467926 61,188293
103,03577 5,5072765 60,936344
87,6055 4,5327854 60,74479
67,52858 3,5582938 60,553234
72,12908 2,5838027 60,361683
55,811802 1,6093113 60,170128
75,78184 0,63482004 59,978573
59,67725 59,67458 59,725075
102,28405 58,714336 59,471577
59,658375 58,289104 60,369076
88,25275 57,863876 61,26658
74,16873 57,15986 60,56609
53,854332 56,455837 59,8656
100,572395 55,75182 59,16511
48,357056 55,7556 60,158245
83,48735 55,759377 61,151375
76,07749 55,763157 62,14451
76,62901 55,766937 63,13764
93,05522 55,770714 64,130775
100,37664 54,780018 64,06116
42,557842 53,78932 63,991535
86,836685 54,72715 63,664722
80,24712 55,664978 63,33791
98,25012 56,602802 63,011097
32,35972 57,54063 62,684284
81,52028 58,47846 62,35747
64,24765 59,416286 62,03066
67,84735 0,35411164 61,703846
41,173332 1,2919387 61,377033
100,11051 2,2297657 61,05022
105,26539 1,3229014 61,455097
59,139668 0,41603705 61,85997
33,50168 0,7981281 62,77667
65,915764 1,1802192 63,693363
57,79525 1,4176497 64,65771
93,141846 1,6550802 65,62205
91,68481 1,8925107 66,58639
60,780064 2,1299412 67,55073
84,842155 1,8550546 68,505066
80,91825 1,580168 69,459404
106,98358 1,3052814 70,41374
82,57089 1,0303949 71,36808
58,97744 1,026621 70,374954
82,578445 1,022847 69,38182
32,679806 1,0190731 68,38869
55,845497 2,012159 68,399
86,86884 3,0052452 68,40932
80,52262 3,998331 68,41963
98,93278 4,991417 68,429955
38,276257 5,9845033 68,44027
97,96587 6,977589 68,450584
37,172253 7,970675 68,4609
80,30617 8,963761 68,471214
38,854366 9,956847 68,48154
67,584114 10,949933 68,49185
46,5714 11,943019 68,50217
73,77808 12,936105 68,51248
106,46427 13,929191 68,5228
102,96669 14,922277 68,53311
53,781395 15,915363 68,543434
38,240486 16,90845 68,55375
115,0177 17,901535 68,564064
47,39583 18,89462 68,57438
99,13189 19,887707 68,584694
86,2508 20,880793 68,59501
33,50276 21,309792 67,69931
102,252785 21,738789 66,803604
83,14489 22,167788 65,9079
67,2777 23,098545 65,56146
71,18274 24,029303 65,215034
97,66273 24,96006 64,8686
37,032707 25,890818 64,52216
37,05869 26,821575 64,17573
71,349464 27,264687 65,06454
84,07513 27,707798 65,95335
90,79079 28,15091 66,842155
95,19871 28,59402 67,73096
93,8819 29,037132 68,61977
95,63897 29,480244 69,508575
97,269356 29,923355 70,397385
36,255196 30,659355 69,730576
89,14499 31,395357 69,063774
47,75957 32,13136 68,396965
81,79814 33,08458 68,11823
32,920963 34,037804 67,8395
81,19778 34,991024 67,56076
90,42393 35,94425 67,28203
106,94569 36,897472 67,003296
53,569332 37,887238 67,08506
86,93324 38,877007 67,166824
92,42418 37,88469 67,12645
72,42868 37,38463 67,984505
80,109314 36,88457 68,84257
111,27928 36,38451 69,70062
98,02625 35,463665 69,328636
80,10042 34,542824 68,95665
66,81548 35,444275 68,53987
39,249786 36,34573 68,123085
43,905003 37,124973 68,7388
37,424507 36,371956 68,09127
70,60673 35,618942 67,44374
59,532722 34,86593 66,79621
91,00873 35,419468 65,971634
77,79096 35,973007 65,147064
96,76686 36,526546 64,322495
88,25562 35,831474 63,61312
67,66654 35,136406 62,90375
109,234535 34,441338 62,19438
79,412964 33,455723 62,072353
108,168686 32,47011 61,950325
53,13703 31,795633 61,221348
69,755844 32,53894 60,5627
35,383266 33,282246 59,904045
74,49197 34,02555 59,24539
78,5336 34,768856 58,58674
36,71689 34,387733 57,66964
49,567654 33,603146 57,060753
60,207703 32,818558 56,451862
104,28605 32,019096 57,041092
92,19487 31,067091 56,758232
101,894356 30,115084 56,475372
69,75292 30,584478 57,350582
96,47798 30,32378 58,308895
79,90304 29,779846 59,139835
32,839237 29,235912 59,970776
39,021557 28,691977 60,801716
80,33033 28,148043 61,632656
61,110332 27,604109 62,463596
75,95904 27,060175 63,294537
39,831066 26,51624 64,12547
62,00178 25,972305 64,95641
76,37152 25,428371 65,78735
108,82164 24,884436 66,61829
79,316864 24,340502 67,449234
92,335335 23,796568 68,280174
107,19336 23,252632 69,111115
68,57186 22,842674 70,01569
93,55962 22,432716 70,92027
63,002728 22,022758 71,82485
86,25138 21,106476 72,20793
46,087303 20,190193 72,59101
86,55696 20,857471 71,85544
81,6631 21,524748 71,119865
75,33059 22,192026 70,3843
35,771454 22,93696 69,727486
76,10292 23,681894 69,07068
86,607925 24,669592 68,96685
105,9984 25,65729 68,86303
91,722435 26,644987 68,7592
73,450264 27,450209 69,34053
103,98977 28,309755 69,838036
109,94353 29,267784 70,09978
91,01263 30,225811 70,36152
70,07438 30,523859 69,414154
46,22875 30,821909 68,4668
61,904995 29,833748 68,36746
105,25451 28,845589 68,268135
107,40547 27,85743 68,1688
107,980705 26,869268 68,06947
64,90881 25,88111 67,970146
34,81882 24,89295 67,87081
89,84934 24,660536 68,83637
70,19423 24,428122 69,80194
80,59168 24,195707 70,7675
68,85194 23,963293 71,73306
61,726326 23,730879 72,69862
57,866043 23,175243 71,87546
105,89125 22,61961 71,0523
46,34045 22,063976 70,22913
84,52451 21,203789 70,725525
59,078293 20,343603 71,221924
71,66575 19,54356 71,810356
68,24527 19,240631 70,86455
48,8286 18,937704 69,91873
36,04606 18,634777 68,972916
66,938354 18,33185 68,02711
102,29487 19,20724 68,49617
48,244442 20,08263 68,965225
65,33044 20,95802 69,43429
33,43605 21,83341 69,90335
84,5256 22,708801 70,37241
53,645496 23,58419 70,84147
89,19194 24,459581 71,31053
99,97555 24,953955 70,44918
94,110344 25,448326 69,58784
72,11123 25,9427 68,72649
47,625233 26,437073 67,865135
76,72929 26,931444 67,003784
82,63614 27,425817 66,14244
34,192318 27,92019 65,28109
79,82667 28,414562 64,41974
39,276245 28,908936 63,55839
46,380497 29,403309 62,697044
40,531105 29,89768 61,835693
74,82177 30,392054 60,974346
46,281292 30,886427 60,112995
48,19838 30,64526 61,07641
109,61877 30,404095 62,03982
53,213257 30,267418 63,023514
36,32915 29,564043 63,724648
56,670525 28,837423 64,401665
78,504555 28,110804 65,07868
46,525238 29,10161 65,01064
105,215454 30,092417 64,942604
60,089573 31,083223 64,874565
86,02703 30,630396 65,75846
74,41487 30,17757 66,64236
72,76202 29,724743 67,52625
66,43732 29,271915 68,41016
81,444756 28,81909 69,29405
108,49683 28,366262 70,17795
76,24715 27,392872 70,37501
74,91488 26,771019 71,14937
32,260963 26,584015 72,12474
111,40267 26,39701 73,10011
50,651127 26,608826 72,12983
53,655655 26,820642 71,15954
48,652332 27,03246 70,18925
40,8633 27,244274 69,21896
102,89587 27,45609 68,24867
43,785717 27,667908 67,27838
56,373848 27,879723 66,30809
75,421265 27,561323 67,24881
61,962273 27,296694 66,29157
57,482635 27,032064 65,33434
47,12205 26,910929 64,34862
46,8299 27,697533 63,742336
35,095325 28,687666 63,81956
114,406105 29,677797 63,89679
103,48225 30,66793 63,974014
115,66529 31,658062 64,05124
112,47108 31,865261 65,02253
69,16434 32,07246 65,99381
35,4888 31,104057 66,21409
82,29836 30,135654 66,434364
71,05041 29,167252 66,65464
97,37039 28,198849 66,874916
77,24316 27,230444 67,09519
99,4114 26,262041 67,31546
97,90572 25,293638 67,535736
35,84055 24,325235 67,75601
58,381527 23,35683 67,97629
80,923645 22,388428 68,19656
113,99522 21,420025 68,41684
99,14325 20,994112 69,31402
85,2842 20,568201 70,21119
109,90988 21,460962 69,7761
110,785774 22,353724 69,34101
71,96823 23,246485 68,90592
106,15001 23,602457 69,83308
66,02579 23,95843 70,76022
110,26994 24,3144 71,68738
72,77084 24,670372 72,61453
61,525917 25,026344 73,54168
115,29757 25,382317 74,468834
47,640358 25,738287 75,39598
92,563194 26,09426 76,323135
102,20237 26,450232 77,25029
66,56963 26,806202 78,17744
87,28644 27,162174 79,10459
86,79357 27,518147 0,031742916
116,66759 27,874119 0,9588946
55,442436 28,23009 1,8860464
66,32667 28,586061 2,813198
94,755424 25,603065 5,4367366
59,74071 24,61009 5,4186535
77,59627 23,617115 5,40057
83,769135 23,016727 4,6094575
39,991966 22,416338 3,8183444
32,351974 21,81595 3,0272317
33,686184 22,752775 2,697557
107,14231 23,6896 2,367882
72,6471 24,626425 2,0382073
47,21659 24,644245 3,031187
33,11088 24,96558 2,091469
77,065895 25,286915 1,1517513
62,583477 25,608252 0,21203342
48,437782 25,929586 79,272316
91,57071 26,250921 78,332596
96,4997 26,572258 77,39288
109,324165 26,893593 76,45316
39,00528 27,21493 75,51344
91,77602 27,892874 74,78769
82,70726 28,570818 74,061935
87,605705 29,248764 73,33619
32,235508 28,904715 74,26783
114,55463 28,560665 75,19947
69,34263 28,216616 76,13111
33,17306 29,0218 75,54973
74,628204 28,543348 76,42002
115,22359 28,064898 77,29031
75,75308 27,586449 78,16061
56,678234 27,107998 79,03091
35,958214 26,629547 79,9012
106,442116 26,151098 0,77149206
60,914906 25,672647 1,6417861
54,43889 25,194197 2,5120802
77,36112 24,715748 3,382374
87,386925 24,237297 4,252668
40,10156 23,758846 5,122962
97,15622 23,280397 5,993256
55,18827 22,290596 5,9118977
77,75687 21,38633 6,3225417
57,778587 20,821985 5,505326
93,42154 20,636168 6,4809275
47,090588 20,450352 7,4565287
59,670403 20,264534 8,432131
50,712215 20,078718 9,407732
65,191376 19,8929 10,383333
86,135635 19,707085 11,358935
84,3938 19,521267 12,334537
95,64691 19,335451 13,310138
50,25386 19,149633 14,28574
39,256805 18,590246 15,106357
64,07304 18,030859 15,926973
59,5104 17,471472 16,747591
78,991104 17,093582 17,666027
107,36169 16,715694 18,584463
38,01593 16,337805 19,5029
71,57582 15,959915 20,421337
111,85904 15,582026 21,339773
68,43307 14,680085 21,7555
70,17726 13,778145 22,17123
74,72261 12,8762045 22,586958
61,32147 13,852647 22,40561
112,99649 14,829088 22,22426
95,77562 15,805531 22,042913
48,350117 16,781973 21,861565
76,516624 16,09808 21,141415
90,206696 15,414186 20,421265
103,70815 14,730292 19,701115
33,680252 14,046398 18,980965
109,25863 13,362505 18,260815
111,15707 12,678611 17,540667
72,60478 12,7430525 18,531712
114,21572 12,807493 19,522758
63,263664 13,635321 18,9741
54,785717 14,463149 18,42544
114,93176 15,290977 17,87678
101,54716 16,118805 17,328121
70,477684 16,178331 16,336767
56,5931 16,237858 15,345412
66,54202 15,299978 15,672075
48,32015 14,3621 15,998738
36,977516 13,42422 16,325401
102,743835 12,4863405 16,652063
42,95906 13,089373 15,862964
87,95306 13,692404 15,073864
75,073616 12,811522 15,532528
53,430706 11,930639 15,991192
114,49296 11,049758 16,449856
72,36757 10,168876 16,90852
45,30212 9,287993 17,367184
49,420322 8,917013 18,288433
43,7888 8,546034 19,209682
100,42929 8,175054 20,130932
43,821533 7,804074 21,052181
86,48712 7,4330935 21,97343
89,86181 6,8279576 21,185944
59,64039 6,222821 20,398457
99,662834 5,6176853 19,610968
80,98853 5,012549 18,82348
108,4312 4,407413 18,035994
107,79651 3,8022768 17,248507
44,87011 3,2961547 16,394009
63,2903 2,7900329 15,53951
63,053997 2,2839108 14,685012
92,64396 1,6108217 13,954754
63,472614 0,9377327 13,224496
32,914665 0,2646437 12,494237
48,107964 59,591557 11,763979
77,85504 58,94947 12,521642
50,1985 58,7792 13,500076
43,758495 58,60893 14,478511
72,06671 59,202896 15,274458
57,50092 59,79686 16,070404
45,240643 58,803722 16,072174
97,76576 57,810585 16,073946
81,66667 56,817448 16,075716
95,21222 55,82431 16,077488
88,60201 54,831173 16,079258
36,291477 54,348553 15,211269
75,208466 53,865932 14,343281
33,422295 53,383312 13,475291
40,851494 52,900696 12,607303
43,303448 52,958294 11,615834
97,08532 52,576042 12,532464
80,031044 51,587734 12,434632
43,77439 50,599422 12,3368
44,612785 49,7352 12,826124
86,309326 48,87097 13,315449
98,85115 48,006744 13,804773
103,455025 47,142517 14,294097
75,84718 46,27829 14,7834215
