0
64,385956 3,3182268 68,04746
53,90333 3,805961 68,053566
53,964073 3,4360893 67,73557
56,072437 3,0662177 67,41759
46,72593 2,9304867 66,94908
53,00544 2,7947557 66,48057
67,46397 2,3537433 66,27217
58,049118 1,9943941 65,94234
44,15972 1,5103872 66,00283
46,747574 1,0263803 66,063324
59,186226 0,8779018 66,52795
57,353104 0,51451313 66,853325
52,9539 0,1511245 67,1787
44,24177 59,787735 67,50408
58,127014 59,424347 67,82945
44,16665 59,233547 68,278366
73,09662 59,042747 68,72727
76,810104 58,851948 69,17618
50,93365 58,661148 69,625084
67,79383 58,47035 70,07399
54,85161 58,733414 70,48474
58,22111 59,158997 70,723076
59,21649 59,58458 70,96141
54,764675 59,162178 71,20533
53,4649 59,634975 71,08539
63,930035 0,1150045 70,99883
43,91983 0,5559499 71,20737
56,219246 0,9968954 71,41591
68,64647 0,51466376 71,3426
61,38713 0,032432117 71,26929
66,35696 59,5502 71,19598
76,01442 59,760815 70,75602
46,6634 59,971424 70,31606
71,3599 0,1290798 69,85447
57,282784 59,93071 70,30008
57,64941 59,89517 69,81361
59,85192 0,14441139 70,23289
47,822037 0,011794747 69,76349
67,70833 59,879177 69,29409
51,01518 59,746563 68,82469
70,20532 59,878555 68,355125
60,743484 0,22504869 68,01181
53,17519 0,57154167 67,668495
45,247726 0,9180347 67,32518
45,709717 1,2645277 66,981865
71,38474 1,6110207 66,63855
58,836155 1,6998419 66,158936
56,56273 1,7886631 65,67932
61,200523 1,8774843 65,1997
67,69725 1,9663055 64,720085
45,498886 2,0551267 64,24046
75,46676 2,1439478 63,76085
50,429436 2,375679 64,19006
64,315834 1,9449338 64,41893
68,30339 1,7560853 63,969196
46,28862 1,5672367 63,519466
68,57245 1,3783882 63,069736
76,31861 1,1126984 63,478794
46,67268 0,8470086 63,887856
73,47254 0,58131874 64,29692
45,49676 0,31562895 64,70598
53,1443 0,80306715 64,72403
57,998528 1,2905054 64,74208
63,66423 1,7538397 64,58962
74,877884 1,453975 64,974335
46,879765 1,0593268 64,687675
45,37673 0,66467845 64,40101
68,7184 0,27003026 64,11435
74,881584 59,87538 63,82769
64,33165 59,480732 63,541027
43,151516 59,028004 63,722572
77,84005 58,575275 63,904118
53,908615 59,056553 63,983448
73,86377 59,53783 64,06278
55,39683 59,99113 64,2429
65,3275 0,44442877 64,42301
47,301212 0,8977272 64,603134
75,048004 1,3307935 64,827576
46,488243 0,9942304 65,18063
68,395744 0,6576673 65,53368
77,6623 0,32110423 65,88674
77,497955 59,984543 66,23979
60,00382 59,64798 66,59285
44,000378 59,311417 66,9459
44,34952 59,799126 66,9382
62,34216 0,28683797 66,9305
65,09748 0,7745495 66,9228
43,92874 0,28799006 66,88842
54,689915 59,80143 66,85404
52,556038 59,314514 66,82519
60,636044 59,795418 66,74363
69,96577 59,436543 66,413284
46,40868 59,077667 66,08293
52,542694 58,718792 65,75259
76,35963 58,359917 65,42223
70,59692 58,813854 65,60074
53,342007 59,26779 65,77924
71,5474 59,333008 66,262634
73,299934 59,024647 66,64057
55,3063 58,716286 67,01851
51,73491 58,23262 66,955345
49,20541 57,748955 66,89218
59,97556 57,26529 66,82902
76,00363 56,781624 66,765854
49,49178 56,29796 66,70269
47,88558 55,814293 66,63953
76,5463 55,330627 66,57636
46,452133 54,846962 66,51319
72,97813 54,88188 66,99972
60,08618 54,916798 67,48624
53,16653 54,951717 67,972755
45,83622 54,986637 68,45928
54,791878 55,198654 68,02
69,65909 55,41067 67,58071
71,62923 55,622692 67,141426
53,45591 55,83471 66,70214
76,0429 56,046726 66,26286
69,48883 56,378025 65,90486
61,937202 56,709324 65,54686
74,13573 56,88883 66,000404
62,126465 56,43433 66,17747
66,193825 55,979828 66,35453
70,296196 55,52533 66,53159
46,743313 55,070827 66,70866
52,58549 54,61633 66,88572
50,838352 54,161827 67,06278
67,793175 53,70733 67,239845
43,99622 53,252827 67,416916
76,97023 52,79833 67,59398
66,78274 52,36779 67,823235
60,68635 51,937252 68,05249
61,85528 51,506718 68,28175
72,131584 51,07618 68,51101
50,290146 50,64564 68,740265
58,72184 50,215103 68,96953
66,45631 49,784565 69,198784
49,930794 49,53588 68,77917
65,34993 49,287193 68,35955
55,965126 49,03851 67,93993
52,64679 48,789825 67,52032
60,297653 48,600475 67,0708
64,40662 48,631767 67,55756
43,91941 48,663055 68,044334
46,762142 48,694347 68,5311
77,30337 48,725636 69,01787
57,32501 48,756924 69,50464
46,86304 48,788216 69,9914
47,653957 49,24735 70,156075
76,919815 49,706486 70,32075
46,38505 50,16562 70,48542
44,06965 49,926197 70,91039
73,994255 49,68678 71,335365
59,277046 50,172592 71,291725
48,672962 50,558125 70,99292
53,674675 50,943657 70,69411
71,23315 51,32919 70,3953
64,66576 50,996048 70,75158
70,837944 51,39622 71,03048
74,71951 51,796394 71,30937
73,74888 51,84456 71,79476
68,29293 51,892723 72,28015
54,865234 51,940887 72,76553
77,897835 51,989056 73,25092
56,982277 52,03722 73,73631
74,00908 51,790127 74,15687
76,11035 51,549255 73,73272
61,653744 51,24123 73,35451
60,250866 51,58824 73,6973
57,831127 51,935253 74,04009
50,996967 52,282265 74,38288
72,34481 52,093872 74,8328
77,93121 51,97977 74,35856
71,427155 51,865665 73,88432
75,57003 51,398 74,02292
51,542282 51,11444 73,62603
52,365963 50,830887 73,22914
48,426575 50,547333 72,83226
57,14019 50,731506 73,28392
45,462494 50,92115 73,73332
56,540676 51,110794 74,18272
73,57635 51,300438 74,63211
67,04455 51,490086 75,081505
51,38401 51,67973 75,53091
60,832375 51,573853 76,00705
52,229633 51,46797 76,48319
67,38838 51,362095 76,959335
69,675385 51,046715 77,33143
57,77521 50,73134 77,70353
52,515427 50,41596 78,07563
72,66248 50,10058 78,44773
67,194855 50,242092 77,980934
58,8215 50,724045 77,90581
67,35087 50,541054 78,35795
54,28261 50,35806 78,8101
77,15791 50,68683 79,170425
49,464973 51,015594 79,53075
53,082558 51,344364 79,89107
45,53937 51,67313 0,25139517
50,56749 52,0019 0,61171967
56,382824 52,200645 1,0571656
46,24518 52,399387 1,5026116
60,747982 52,598133 1,9480577
63,305515 52,131084 1,8073918
59,37446 52,16701 1,3209443
77,4435 52,186005 0,8335419
70,03563 52,204998 0,34613955
64,56713 52,22399 79,858734
51,09883 52,242985 79,37134
61,59808 52,722843 79,458824
44,36625 53,202705 79,54632
63,121502 53,689285 79,580444
62,697865 54,17586 79,61457
73,48682 54,662437 79,6487
66,18533 54,448368 79,2104
52,40256 54,2343 78,77212
67,05297 53,90019 79,127495
76,43269 53,423878 79,23261
58,390945 53,303226 78,759995
57,882275 53,737026 78,536964
48,335476 54,170822 78,313934
43,52296 54,570602 78,5934
69,90882 54,97038 78,872856
64,40542 54,575565 79,15929
49,67559 54,180748 79,44572
59,864807 53,785934 79,732155
50,491966 53,39112 0,018582469
66,02466 52,996304 0,30501342
50,64872 53,075104 0,78637826
53,33418 52,928925 0,3210252
71,682076 52,782745 79,855675
77,94258 52,572937 79,41533
60,69981 52,155754 79,668076
53,85894 51,671833 79,729256
72,82855 51,29737 0,041827217
72,42239 50,92291 0,35439497
47,700115 50,548443 0,6669627
49,09939 50,17398 0,97953045
55,326168 49,799515 1,2920982
73,11894 49,425053 1,6046659
68,60134 49,26445 1,1440907
45,388893 48,794506 1,274757
72,922646 48,344734 1,086011
53,879604 47,89496 0,89726496
70,655556 47,445183 0,7085189
56,089825 46,99541 0,5197728
46,74141 46,545635 0,3310268
60,29883 46,691875 0,79636097
62,231133 46,438725 1,2132989
44,827007 46,185577 1,6302369
66,28123 46,04014 1,1646519
55,325123 45,893196 1,6297648
56,388 45,94454 2,1148274
56,492603 45,995884 2,59989
68,74814 46,047226 3,0849524
47,83948 46,09857 3,570015
52,566277 46,586147 3,583883
67,00414 47,07372 3,597751
62,608433 47,561447 3,6044226
69,37459 48,049175 3,611094
74,85022 48,5369 3,6177657
65,447235 49,024628 3,6244373
51,23272 49,512356 3,6311088
60,456112 50,00008 3,6377804
61,84182 50,48781 3,6444519
56,304493 50,975533 3,6511235
71,622246 51,46326 3,6577952
73,89139 51,179443 4,0544944
64,91179 50,89563 4,4511933
51,49672 51,38158 4,409105
74,46399 51,41102 4,8959885
56,082695 51,440453 5,3828716
44,962654 51,026817 5,6413813
54,66901 51,479527 5,8229723
75,668625 50,997765 5,7466373
55,77749 50,516003 5,670303
70,514824 50,08684 5,438481
47,878265 49,657677 5,2066593
56,60665 49,228516 4,9748373
64,63563 49,561947 4,618824
73,29325 49,89538 4,2628107
49,734653 50,159325 4,672999
71,54039 50,423267 5,0831876
61,96444 50,77443 4,7446485
70,484726 51,125587 4,4061093
58,398228 51,47675 4,0675707
48,81463 51,157578 3,6987185
60,30526 51,53295 3,3872428
53,935764 51,90832 3,0757673
72,00317 52,283695 2,7642918
54,544144 52,65907 2,452816
71,74939 52,290817 2,7726793
47,773216 52,28047 2,2850168
53,620274 52,75824 2,1867366
66,291145 53,040592 2,5844808
71,820564 52,814144 2,1524577
45,493423 52,5877 1,7204349
50,30879 52,36125 1,288412
76,019264 52,800007 1,5015175
67,426506 53,084423 1,8977876
61,607494 53,36884 2,2940576
77,51338 53,433216 1,8105525
73,01202 53,497597 1,3270472
62,42732 53,561974 0,8435421
48,61709 53,62635 0,36003688
48,78648 53,251015 0,048517454
56,61271 52,87568 79,737
46,59175 52,500343 79,425476
55,678524 52,41279 78,945625
73,61927 52,325237 78,465775
47,476112 52,237686 77,98592
68,30147 52,721024 77,9203
73,846085 52,252655 77,7841
65,4492 51,784283 77,6479
68,674034 51,369057 77,90385
61,89734 51,13008 78,32907
76,70144 51,414536 78,72531
53,01548 51,69899 79,12155
78,00829 51,983444 79,51779
63,984447 52,2679 79,91403
45,854744 52,483883 0,35138303
68,077484 52,9495 0,20605955
73,17261 53,128944 79,752495
53,53349 53,308384 79,29893
52,12415 52,951996 78,9659
70,918335 52,59561 78,632866
44,44649 53,06861 78,752
55,03378 53,54161 78,87113
59,09084 53,565327 78,38394
49,465233 53,589043 77,89674
43,33805 53,61276 77,409546
55,794384 53,636475 76,922356
54,70949 53,66019 76,43516
77,09841 53,68391 75,94796
62,220345 54,115715 75,7211
47,758125 54,54752 75,49424
69,359276 54,083244 75,34468
70,262566 53,84552 75,7706
75,252045 53,6078 76,196526
51,05273 53,370075 76,622444
74,705185 53,13235 77,04837
66,03617 52,75901 77,362274
74,3845 52,615513 77,82846
57,699535 52,27624 78,17891
68,601875 51,93697 78,529366
45,870144 51,5977 78,879814
49,88555 51,501846 79,35808
52,622307 51,405994 79,83634
46,88005 51,310143 0,31460175
76,856705 51,21429 0,7928634
73,48195 51,11844 1,2711251
49,261127 50,759674 1,6015947
43,3393 50,40091 1,9320643
57,829205 50,042145 2,262534
46,30614 49,683384 2,5930035
61,25728 49,289314 2,880463
77,29576 49,50629 2,4436064
48,23135 49,723267 2,0067499
46,083996 49,94024 1,5698934
45,332317 49,706585 1,1417269
45,228497 50,00069 1,5308588
70,038445 49,933704 1,0477077
74,11898 50,048363 1,5218127
49,53399 50,321373 1,1176009
63,604298 50,025547 1,5054277
65,18438 49,729725 1,8932545
52,85268 49,4339 2,2810814
49,757908 49,91136 2,3808475
43,312172 49,476784 2,159343
62,507557 49,86684 2,4522216
56,047752 50,256893 2,7451005
55,304855 50,64695 3,0379794
77,081726 51,037006 3,330858
54,65041 51,427063 3,6237369
63,799168 51,565136 4,0915594
74,26275 51,70321 4,559382
70,48837 51,84128 5,0272045
76,51067 51,438416 4,752208
46,622734 51,035553 4,477212
59,23434 50,63269 4,2022157
68,92764 50,341923 3,8105814
77,56884 50,05116 3,4189475
63,90714 49,760395 3,0273132
58,930508 49,469627 2,635679
56,04063 49,178864 2,2440448
56,534256 49,029095 1,779834
53,427025 48,87933 1,3156233
52,316833 48,791317 1,7953894
59,03247 48,7685 1,308151
53,19129 48,74568 0,8209126
45,317715 48,722866 0,33367422
48,67685 49,193977 0,46008208
73,86122 49,665085 0,58649
43,60716 49,457596 0,14504904
75,93791 49,926174 0,009572162
49,21763 49,48623 0,22021106
71,917595 49,046284 0,43084994
71,12464 48,606335 0,64148885
65,95184 48,17812 0,8750571
48,396297 47,749905 1,1086253
70,45473 47,32169 1,3421936
43,81073 46,89348 1,5757618
70,685326 47,327034 1,3522662
74,87449 47,76059 1,1287706
43,91156 48,19415 0,90527505
74,60595 48,627705 0,68177944
61,411583 49,06126 0,45828387
58,401142 49,49482 0,2347883
73,69911 49,928375 0,011292709
63,792103 50,36193 79,787796
72,070274 49,87423 79,779465
73,15817 49,386528 79,77114
54,247223 49,395218 0,25883278
62,08081 49,403904 0,74652773
45,255222 49,70193 0,36038908
46,47455 49,69451 79,87267
46,855385 49,687096 79,38496
47,925415 49,67968 78,89724
45,373226 49,650394 79,38413
64,85524 49,621113 79,871025
68,31696 49,695145 79,3889
55,44373 49,769173 78,906784
77,69468 50,158173 78,6125
66,92875 50,54717 78,318214
61,194626 50,93617 78,02393
66,30608 51,325165 77,72965
43,221554 51,714165 77,43537
65,73329 51,46937 77,01347
56,480682 51,224583 76,59157
47,42622 51,626938 76,31583
67,23522 51,605843 75,828514
48,50656 51,58475 75,341194
77,335144 51,30374 75,73988
57,504402 51,56584 76,15126
55,955357 51,82794 76,56263
74,13386 51,876698 77,04796
48,968525 51,818882 77,53229
67,46673 51,969727 77,996155
61,44372 52,41833 77,80464
45,894203 52,866936 77,61313
72,95536 53,31554 77,421616
67,638054 53,76414 77,23011
44,924168 54,212746 77,0386
60,40945 54,66135 76,847084
46,061737 54,178814 76,91837
58,956 53,69628 76,98966
58,733643 53,213745 77,06094
57,063362 53,019657 76,61345
61,556854 52,691936 76,252174
54,294117 52,36422 75,8909
56,841892 52,0365 75,52962
64,52491 51,708782 75,16834
65,92199 51,38106 74,80706
55,108604 51,176945 74,36405
48,960464 51,064777 73,88935
50,477493 50,95261 73,41465
48,323624 50,49934 73,59484
76,67931 50,04607 73,77503
53,63679 49,5928 73,95522
52,534485 49,139534 74,13542
50,728813 48,686264 74,31561
45,695644 48,232994 74,495804
70,29545 47,779728 74,675995
62,450756 47,326458 74,856186
45,128452 46,873188 75,03638
44,134438 47,32814 74,86047
62,4108 47,78309 74,68457
64,78593 48,270844 74,68019
59,802254 48,758595 74,67582
73,880196 49,246346 74,67144
68,91967 49,7341 74,66706
73,49448 50,22185 74,66268
46,56993 50,53727 75,03475
47,787865 50,582355 74,549065
77,22615 50,627445 74,06338
45,248177 50,67253 73,5777
73,35308 51,134087 73,735466
45,175697 51,59564 73,893234
64,691734 52,05719 74,051
57,556328 52,518745 74,20877
61,411404 52,244137 73,80564
50,49535 51,969532 73,40251
57,412697 51,948093 73,88982
50,230694 52,427715 73,9786
57,110085 52,26478 73,518845
44,21429 52,101837 73,0591
61,438385 51,9389 72,59934
67,49286 51,550186 72,30468
49,71232 51,62251 72,787056
55,74334 51,69483 73,26944
76,04455 51,767155 73,75182
46,925987 51,839478 74,2342
70,9402 52,102154 73,8232
46,22982 51,660595 74,03043
69,94765 51,219032 74,23767
62,473587 51,522995 73,85619
67,84451 51,240448 73,45859
60,257988 50,957897 73,06099
47,274536 50,67535 72,66338
58,225166 50,598785 73,14511
62,69399 50,503403 73,62347
77,39945 50,371986 74,0932
73,69054 50,858402 74,05684
51,392075 51,34482 74,02048
55,22856 51,831177 73,9834
77,35566 51,35745 73,867195
74,94514 50,88372 73,75099
45,331192 51,027145 74,2172
48,038723 50,540268 74,1877
70,00176 50,053387 74,15819
53,417595 49,56651 74,128685
72,75247 49,282127 73,73239
54,07786 49,50181 74,16789
68,99787 49,862865 73,83993
74,260666 49,571117 74,230835
55,828743 49,19036 74,535706
54,57877 49,023895 74,994194
58,917732 49,18471 75,45469
47,476448 49,345528 75,91519
54,3702 49,374416 76,40211
43,558117 49,4033 76,88902
52,64145 49,43219 77,37594
68,24033 49,233845 77,82156
77,49169 49,0355 78,26719
56,607056 48,837154 78,712814
75,57042 48,352856 78,65473
55,97953 47,868553 78,59666
58,07172 47,405346 78,749504
66,64605 46,942142 78,90235
64,58474 46,47894 79,05521
47,03103 46,964565 79,1009
67,18885 46,720963 79,52349
57,979782 46,47736 79,946075
46,21882 46,385685 0,425155
68,20027 46,181602 79,98213
63,3214 46,640102 79,8157
74,43481 47,098602 79,64927
65,66296 47,557102 79,48284
76,91801 47,230705 79,845314
56,913956 47,7184 79,836494
66,02893 48,206093 79,827675
64,42708 48,693783 79,818855
72,72754 48,33188 79,49183
72,68908 48,801403 79,62401
54,971394 49,211926 79,36059
46,148407 49,62245 79,09717
67,27219 50,09167 79,230415
62,187706 50,546867 79,405685
59,740593 51,00206 79,580956
55,63736 51,457256 79,756226
43,86984 51,912453 79,931496
44,789783 52,367645 0,10676113
60,97548 52,82284 0,28203022
71,222244 52,359962 0,12819389
45,337864 51,88263 0,027817577
62,27924 51,4053 79,927444
54,909294 50,927967 79,827065
62,322205 50,999004 0,30963635
51,895706 51,070045 0,7922078
55,559635 51,141087 1,2747792
64,729 51,212124 1,7573506
43,287975 51,06119 2,2211835
74,350555 50,91026 2,6850164
60,25092 50,759327 3,1488495
49,742085 50,60839 3,6126823
52,815643 50,45746 4,076515
70,19816 50,306526 4,540348
53,114277 49,932743 4,226966
48,81166 49,55896 3,9135838
54,6455 49,465286 3,434891
64,60893 49,82493 3,7644017
57,382683 50,065666 3,3401766
71,11454 50,49789 3,1141095
52,185776 50,93011 2,8880424
66,07665 51,37589 2,6900384
43,727608 51,08099 2,3015056
45,428078 50,786095 1,9129728
44,88625 50,57368 1,4738793
51,996414 50,90969 1,8274602
47,191998 50,49545 2,0849955
59,473785 50,081207 2,342531
51,346592 49,66696 2,6000664
59,057987 49,25272 2,857602
72,3719 48,838478 3,1151373
57,362682 49,077312 3,540435
54,950523 48,680977 3,8247554
51,127815 49,004265 3,459508
59,176083 49,327557 3,0942605
76,62692 49,650845 2,729013
52,340553 49,974133 2,3637655
69,90866 50,297424 1,9985181
70,152664 50,307575 2,4861848
71,49029 50,31773 2,9738514
62,945423 50,32788 3,461518
73,67813 50,338036 3,9491847
61,779724 50,69711 3,619055
76,63363 51,056187 3,2889254
77,91586 51,415264 2,9587958
60,628883 51,77434 2,6286662
56,827835 52,247265 2,509232
70,5825 51,818764 2,7422695
72,994 51,39026 2,9753072
55,847637 51,05916 3,3334894
50,37442 50,728058 3,6916716
59,6047 51,038597 3,315524
64,55455 51,349136 2,9393764
72,17611 51,46267 2,4650006
65,98214 51,576202 1,9906249
58,94093 51,68973 1,5162492
63,562363 51,803265 1,0418735
74,752426 52,065865 1,4529252
74,434616 52,328465 1,863977
69,80583 52,270157 1,3797019
68,58766 52,211853 0,8954268
63,067936 52,15355 0,41115177
67,65411 51,94625 79,96962
75,57544 51,738953 79,52809
64,835884 51,977303 79,95366
68,56714 52,38126 79,680275
53,872837 52,785217 79,40689
54,65076 52,49697 79,0134
75,9855 52,20872 78,61991
49,02336 51,92047 78,22642
74,12395 52,39009 78,09459
56,22778 52,787476 77,81174
75,58819 53,184864 77,528885
49,024487 53,58225 77,24603
69,74816 53,979637 76,96318
76,59982 54,377026 76,68033
62,888054 54,77441 76,39748
56,392338 55,1718 76,114624
48,29029 55,30551 76,58371
44,91444 55,439228 77,052795
68,71575 55,57294 77,52188
70,17671 55,161148 77,783325
65,5935 54,74936 78,04476
74,913536 54,33757 78,3062
48,705788 53,925777 78,56764
58,357075 53,49434 78,7952
75,758675 53,062904 79,02276
62,062286 52,733658 78,66287
59,28867 52,299717 78,88562
45,89119 51,865776 79,10837
72,392975 51,431835 79,331116
58,33223 51,05198 79,63711
67,11772 50,672127 79,94311
70,5724 50,292274 0,24910203
69,59906 50,693962 0,52580994
67,06937 51,095654 0,80251783
54,934963 51,49734 1,0792258
47,956253 51,899033 1,3559337
58,138134 52,30072 1,6326416
63,543743 52,66447 1,9576163
55,422623 53,02822 2,282591
57,77076 53,391968 2,607566
70,28793 52,951874 2,3972342
64,30228 52,51178 2,1869023
46,782127 52,07169 1,9765704
65,49681 51,584446 1,953823
50,87001 51,097206 1,9310756
49,915245 51,197636 1,4537544
63,74929 51,04818 0,9894435
46,422104 50,898724 0,5251325
50,62605 50,749268 0,06082146
51,649696 51,17315 79,81948
49,497604 50,74561 79,58469
76,46241 50,318066 79,349884
61,738537 50,22308 78,87145
59,718445 50,128094 78,39302
49,713627 49,725403 78,11777
60,490147 49,322716 77,84252
68,14247 48,859825 77,99632
49,04248 48,526463 78,3524
44,84518 48,1931 78,70848
74,03514 47,859737 79,06455
74,057655 47,526375 79,42063
51,736137 47,97533 79,22996
75,34931 48,46066 79,27875
57,499607 48,567192 79,75474
73,09507 48,673725 0,23073658
48,483486 48,780262 0,70673275
71,01712 48,886795 1,1827289
69,82652 48,99333 1,658725
45,200474 48,550533 1,4541394
72,74407 48,767536 1,017296
64,07267 48,98454 0,58045256
70,77314 49,201538 0,14360915
68,41146 49,41854 79,706764
50,07633 49,635544 79,26992
63,164574 49,852543 78,83308
57,380135 49,445877 79,102425
72,669044 49,039215 79,371765
75,16421 48,810455 78,94096
53,259212 48,942196 78,47131
67,08562 49,07394 78,00167
50,392727 49,205685 77,53203
75,41093 49,337425 77,062386
46,487137 49,46917 76,59274
59,032803 49,17176 76,979355
45,413296 48,874355 77,36597
57,321064 48,576946 77,75259
47,060375 48,983505 77,48308
74,29512 48,512375 77,35675
62,131413 48,04125 77,230415
62,057407 47,570118 77,10409
54,227432 47,098988 76,97775
51,354908 46,62786 76,851425
75,85183 47,027817 76,57222
46,319847 47,427776 76,293015
62,330654 47,911846 76,23303
57,04853 48,395916 76,17306
66,77798 48,879986 76,11308
54,750748 49,36406 76,0531
66,92955 49,84813 75,993126
62,35121 49,545406 76,375595
46,29732 49,242687 76,758064
76,00971 49,480595 76,332245
48,25949 49,718502 75,906425
49,934856 49,895508 75,4519
62,83821 50,309193 75,71033
67,01175 49,856213 75,52942
45,370922 50,173546 75,15899
72,87174 50,490883 74,78856
56,93164 50,302006 75,23827
73,5201 50,113125 75,68799
63,52632 49,77621 75,33527
53,45589 49,439297 74,98255
52,303886 49,102383 74,62983
59,33948 48,76547 74,277115
60,45453 48,428555 73,92439
59,059944 48,09164 73,57167
62,58325 47,641697 73,76002
68,113235 47,191753 73,94836
57,28972 46,74181 74,136696
69,576965 46,291862 74,325035
70,23662 46,65405 73,99832
47,988758 46,72386 73,515564
64,089195 47,193695 73,64663
46,087807 47,676388 73,71685
68,77789 48,159077 73,78707
46,37779 48,64177 73,8573
73,708435 49,12446 73,92752
76,15313 49,60715 73,99774
66,02382 50,08984 74,06796
66,75572 49,770245 73,69948
75,43654 49,45065 73,33099
73,95244 49,131054 72,96251
65,83887 48,811462 72,594025
53,602867 48,491867 72,22554
46,132732 48,891605 71,94603
55,023922 49,291348 71,66651
71,72007 49,777367 71,62517
66,66451 49,723415 71,14039
71,795074 49,669464 70,65561
50,790066 49,615513 70,17083
58,917522 50,077747 70,01506
72,41051 50,539978 69,8593
44,880726 50,05723 69,92913
63,57469 49,574482 69,99896
73,81481 49,97559 70,27651
44,84678 50,376694 70,55407
72,021614 50,7778 70,83162
70,42121 50,290096 70,823555
55,004433 49,80239 70,81549
71,94655 49,33802 70,96476
66,26636 48,87365 71,11404
58,94827 48,40928 71,263306
54,8149 48,84779 71,04969
69,06149 49,194588 71,3927
65,64652 49,54138 71,73571
64,98925 49,88818 72,07871
47,439945 50,234974 72,42172
57,238705 50,58177 72,76473
51,65802 50,320522 73,17664
54,719833 50,05927 73,58855
46,6703 50,443405 73,88915
45,079227 50,82754 74,18976
44,563698 51,211674 74,49036
58,434948 51,686768 74,600845
64,237686 51,28299 74,8745
76,963524 50,879208 75,14815
57,173126 50,745476 75,617226
71,224236 51,101177 75,95099
67,70779 51,456882 76,28475
63,106228 51,84566 75,99018
56,722866 51,361954 76,05302
67,49392 50,878246 76,115845
50,393276 50,394535 76,17867
72,07602 49,910828 76,24151
58,42451 49,42712 76,30434
55,73999 48,94341 76,367165
74,79107 48,4597 76,43
55,61662 47,975994 76,49283
66,74229 48,367504 76,2019
65,43053 48,759018 75,91097
70,514656 49,07396 75,5385
43,307945 49,3889 75,16603
76,051765 49,70384 74,79356
74,67742 49,56859 75,26221
72,35977 49,43334 75,73085
60,641434 49,298088 76,19949
75,84253 48,824844 76,31766
71,65226 48,3516 76,435814
48,785645 47,878357 76,55398
52,71529 47,40511 76,672134
47,425465 46,931866 76,7903
72,15555 46,458622 76,908455
44,954105 46,126656 76,55108
63,440994 45,794685 76,1937
43,69971 45,46272 75,83632
62,966103 45,13075 75,47894
55,980053 44,745586 75,17966
49,211613 44,703045 75,66557
66,02139 44,660507 76,15149
57,13056 44,61797 76,637405
52,619736 44,567787 76,152214
72,21797 44,517605 75,66703
59,93634 44,492634 76,15417
53,27593 44,467663 76,6413
46,820644 44,6887 76,20648
73,761444 44,301525 75,909805
67,404976 43,914352 75,61312
60,56154 43,496635 75,86498
76,02711 43,078915 76,116844
75,10911 43,343117 75,70682
71,51789 43,607315 75,29679
73,23703 43,871517 74,886765
71,62339 44,135715 74,476746
68,5383 44,399918 74,06672
50,785713 44,664116 73,65669
66,00337 44,96142 74,04339
52,73023 45,258717 74,43009
48,053978 44,98398 74,83313
51,999958 44,70924 75,23617
69,2422 44,4345 75,639206
72,774345 43,947895 75,605515
61,34512 43,46129 75,57183
54,523376 42,974678 75,53814
55,826828 42,48807 75,50445
66,36995 42,001465 75,47076
58,381958 42,488667 75,447136
61,77913 42,975864 75,423515
63,01191 43,39399 75,6747
68,391205 43,613327 75,23903
60,589962 43,12565 75,248604
66,52232 43,58166 75,42174
45,60028 43,09445 75,44516
49,165558 42,60724 75,46858
66,961 43,08989 75,539085
75,61343 43,57254 75,6096
64,80521 43,104576 75,74718
65,6294 42,63661 75,884766
66,63017 42,168644 76,022354
57,88586 41,70068 76,15994
52,47874 41,972473 75,75491
53,54278 42,24427 75,349884
49,72417 42,516064 74,944855
44,081383 42,787857 74,539825
47,92875 43,059654 74,134796
48,28372 43,331448 73,72977
48,98211 42,84406 73,71045
73,66092 42,356667 73,69114
69,511154 41,87879 73,7889
62,66896 41,400917 73,88666
62,999756 40,923042 73,98442
46,252537 40,445168 74,082184
77,84154 39,967293 74,17995
53,23041 39,519104 74,37242
49,59441 39,07091 74,564896
50,81115 38,622723 74,75738
52,30765 38,968124 74,412964
70,95701 39,313522 74,06855
61,67323 38,96632 73,72595
57,341118 38,619114 73,38336
74,61105 38,271908 73,040764
61,107044 37,924706 72,69817
58,192677 38,134083 73,13872
76,70117 38,343456 73,57927
44,378086 38,552834 74,01982
68,87239 38,76221 74,460365
68,337715 38,971584 74,90092
54,263332 39,18096 75,34147
59,950443 39,39034 75,78201
53,59845 39,599712 76,222565
65,88378 39,80909 76,66312
77,001434 39,992416 77,11513
43,637367 40,17574 77,56713
57,296436 40,039658 77,09873
52,780888 39,903576 76,630325
76,97085 39,767494 76,16192
61,83521 39,419 75,82063
56,67952 39,038715 75,515175
58,5471 39,16323 75,986786
61,157772 38,689716 75,86971
53,921528 38,971268 75,4714
71,478 39,25282 75,07309
75,91243 39,534367 74,674774
55,54901 39,815918 74,27647
69,29377 40,0946 74,67679
57,085667 40,373283 75,07711
71,084656 40,651966 75,47743
72,47005 40,271416 75,78256
63,76054 40,716927 75,98116
62,762848 41,162437 76,179756
69,43808 41,60795 76,37836
56,14539 41,886604 75,97802
73,82548 41,71139 76,433235
63,627934 41,536175 76,88845
45,243774 41,360962 77,343666
63,662678 41,773666 77,08368
45,24643 42,186375 76,823685
54,42657 42,599083 76,5637
47,12577 43,01179 76,30371
74,79998 43,4245 76,043724
73,152985 43,837204 75,78373
69,62093 44,318665 75,70551
73,330765 44,411102 76,18445
56,573475 43,959023 76,001305
60,232327 43,50694 75,81816
54,793007 43,054855 75,63501
60,070385 43,263638 75,19418
73,09344 42,940136 75,55924
45,810055 42,757835 76,011665
59,228447 42,57553 76,46409
46,04693 42,39323 76,91651
47,6106 42,210926 77,36894
77,28818 42,05832 76,905655
68,16355 41,905712 76,44237
76,70502 41,7531 75,97909
58,57587 41,600494 75,5158
69,06879 41,204483 75,800575
46,53846 41,01655 75,350464
52,01468 40,828613 74,90035
61,2314 40,640675 74,45024
66,81375 40,45274 74,00012
68,05084 40,264805 73,55001
72,23305 40,076866 73,0999
50,30751 40,014194 72,61617
66,24934 40,198967 73,06759
66,39491 40,38374 73,51901
46,619144 40,56851 73,970436
70,28931 40,75328 74,42186
45,020565 40,93805 74,873276
66,470825 41,12282 75,3247
66,589165 41,30759 75,77612
77,627144 41,79536 75,777405
63,34828 42,283134 75,778694
72,2379 42,770905 75,779976
53,68 42,46529 76,16013
57,497692 42,15968 76,5403
65,46502 42,558968 76,820465
69,14825 42,958252 77,100624
67,74415 43,35754 77,38079
49,181767 43,756824 77,66096
49,048435 43,723434 78,14758
73,583405 43,37348 77,80779
69,19246 43,380844 78,29551
47,215805 43,862404 78,2179
63,342278 44,343964 78,140305
57,247353 44,825523 78,0627
65,56456 45,307083 77,98509
60,80436 45,788643 77,907486
75,70771 46,2702 77,82988
51,251892 45,797543 77,95036
73,24421 45,324883 78,07085
44,339607 44,852226 78,19133
69,63144 44,379566 78,311806
53,140545 44,65992 77,91265
77,92567 45,100044 78,12291
68,373116 45,540173 78,333176
49,244335 45,9803 78,543434
61,219887 45,497337 78,47512
73,73433 45,07481 78,231415
67,55623 45,350117 77,828766
75,74643 45,625427 77,42612
48,57884 45,900734 77,02347
58,250034 46,176044 76,62082
75,39074 45,934715 77,04471
68,27806 45,693382 77,4686
58,6065 45,452053 77,89249
45,501694 45,921326 77,75942
44,037315 46,3906 77,62636
50,84816 45,976654 77,88438
62,800434 45,562714 78,142395
67,47061 45,42278 78,609665
49,21871 45,282845 79,076935
55,9171 45,14291 79,5442
67,90686 45,515366 79,22924
75,73943 45,887817 78,91428
63,537975 46,312294 79,15458
45,704044 46,736767 79,39488
68,45184 47,16124 79,63518
55,801777 47,585712 79,87548
55,6511 47,117573 79,73849
73,3227 46,6368 79,65617
72,389496 47,11159 79,5444
55,268658 47,586384 79,432625
74,57021 47,974365 79,13701
70,72059 47,587543 78,83987
56,94986 47,973434 79,138214
71,952446 48,359325 79,436554
