0
97,60531 16,463745 31,642817
50,262726 16,86843 31,815079
116,69952 17,336061 31,158901
61,970776 16,602749 31,49282
86,5323 15,869436 31,826738
66,71937 14,417421 31,796358
76,29765 13,698718 31,432058
106,19715 12,980015 31,067759
91,93293 12,261312 30,703459
108,856476 11,542608 30,339159
51,603832 10,823905 29,97486
99,48017 10,105202 29,61056
54,5165 9,386498 29,24626
73,39732 8,667795 28,88196
98,71422 9,420199 28,593626
80,89276 10,172604 28,305292
88,55095 10,925008 28,016956
116,27201 10,26488 28,478996
52,222786 9,604753 28,941034
67,775055 8,944624 29,403074
60,813175 8,284496 29,865112
43,243702 7,525448 29,594755
96,75484 6,766399 29,324396
76,70493 6,00735 29,054039
72,03551 5,2483015 28,78368
51,389557 4,4892526 28,513323
68,316536 3,7302036 28,242964
61,79598 2,971155 27,972607
72,27273 2,3050697 28,426016
69,1392 1,6389847 28,879423
54,876293 2,4285386 28,718634
86,89073 1,8221515 29,24924
52,532948 2,1601222 28,517788
98,75484 2,498093 27,786333
82,51684 2,8360634 27,05488
56,024593 2,7791946 27,858631
83,52506 2,0132868 28,108898
104,79678 1,2473793 28,359165
81,381386 0,48147157 28,609434
104,10145 59,715565 28,859701
86,31596 58,949657 29,109968
54,801876 58,18375 29,360237
75,78724 58,496555 28,617674
78,88647 58,809364 27,87511
90,33226 59,491558 28,303902
100,379326 0,17375034 28,732693
80,52358 0,5004919 29,46923
65,317474 0,8272335 30,205769
76,084274 1,153975 30,942307
93,0333 0,6615892 31,58012
111,29071 0,16920336 32,217934
89,030174 59,67682 32,855743
83,43477 59,184433 33,493557
99,03942 58,692047 34,13137
103,582794 58,19966 34,76918
98,08183 57,707275 35,406994
72,30186 57,21489 36,044807
45,98387 56,411175 35,987408
112,208595 55,607464 35,930004
64,123665 54,80375 35,872604
95,31452 54,00004 35,815205
91,30763 53,883617 35,0179
42,0346 53,767193 34,220592
67,086784 53,650772 33,42329
49,410763 52,973713 32,98644
67,49235 52,296654 32,54959
82,86818 51,61959 32,11274
64,58925 51,731075 32,91075
64,91972 51,842556 33,70876
71,5621 51,954037 34,50677
83,61512 52,06552 35,30478
113,4923 52,177002 36,10279
65,31557 52,288483 36,9008
97,66906 52,399967 37,69881
44,343044 52,511448 38,496822
116,608025 52,62293 39,29483
94,53382 52,734413 40,092842
59,294952 52,845894 40,89085
57,648087 52,957375 41,68886
41,92781 53,06886 42,486874
73,28875 53,18034 43,28488
76,670044 53,29182 44,082893
65,41206 53,403305 44,8809
88,0115 53,514786 45,678913
50,339348 53,626266 46,476925
85,483925 53,00529 45,96347
83,12437 52,38431 45,450016
74,03143 51,763332 44,93656
116,71116 51,142357 44,423107
53,409187 51,47279 43,68822
72,71142 51,803226 42,95333
47,280704 52,133663 42,218445
49,608215 52,464096 41,483555
113,84179 52,794533 40,748665
48,76706 53,12497 40,01378
45,474545 53,4926 40,73078
75,18057 53,86023 41,44779
68,06981 54,22786 42,164795
112,89222 54,59549 42,881798
44,251514 54,96312 43,598804
50,38888 55,76491 43,67868
111,72406 55,11347 43,204475
48,49713 54,462025 42,730274
91,69164 55,22514 42,471626
83,69704 55,711666 41,82933
92,63524 56,251884 42,42717
96,64686 56,792103 43,02501
57,554756 57,33232 43,62285
57,074417 57,87254 44,220688
83,20718 58,412758 44,81853
83,33833 58,952976 45,41637
68,196945 58,57825 44,703045
117,301865 58,20353 43,989723
50,603718 57,828808 43,276398
107,95087 57,454082 42,563072
49,329384 57,07936 41,84975
113,26294 57,685623 42,380497
100,05879 58,291885 42,911243
52,22137 58,288662 42,10549
57,075382 58,285435 41,29974
65,58286 59,04605 41,565662
79,805824 59,806664 41,83159
102,51684 0,5672766 42,09751
101,06455 1,3278899 42,363438
49,184753 2,0885034 42,62936
115,32326 2,0567741 43,041718
52,689415 1,2644317 43,18815
93,22918 0,47208923 43,334576
84,25721 59,67975 43,481007
98,83724 58,887405 43,627438
62,015423 58,677017 42,849632
65,449585 59,47815 42,763412
89,393875 0,2792827 42,677193
43,94313 1,0804162 42,590977
40,354122 1,8815498 42,504757
71,802055 2,6826832 42,41854
70,361496 22,722536 38,61469
68,293304 22,758596 37,80974
57,959232 22,794657 37,004784
116,237854 22,830719 36,199833
114,16105 22,97255 35,406654
98,8227 23,720015 35,10575
93,16318 24,467482 34,804848
102,62257 25,214949 34,503944
73,821365 25,962414 34,20304
116,545135 25,298231 34,659233
100,12564 24,63405 35,115425
105,617905 24,787996 34,32451
70,26208 24,029415 34,596176
85,82052 24,253887 33,822315
113,435135 24,47836 33,048454
70,70867 24,702831 32,274593
106,86291 24,927303 31,500732
109,13352 24,393955 32,10471
89,094894 23,860607 32,708687
81,50569 23,299635 33,287098
103,72039 22,738663 33,865505
47,529377 22,735111 40,26925
93,65758 23,089497 40,992893
90,95586 23,85854 40,752434
82,06585 24,375475 40,13435
86,143005 24,50276 39,338707
111,7788 24,602413 38,539135
46,339787 24,526163 37,73699
113,29051 24,449913 36,93485
87,70906 24,373661 36,132706
75,72282 24,043295 35,397785
110,1049 23,712927 34,662865
101,66596 23,38256 33,927948
42,83769 23,065842 33,187042
78,8009 22,74912 32,44614
102,7548 22,432402 31,705238
73,26799 22,115683 30,964334
113,93099 22,482231 31,681892
58,824154 22,848782 32,399452
63,26336 23,21533 33,11701
78,29985 23,58188 33,834568
40,083233 23,122478 34,496532
110,23297 22,891607 33,515522
62,954357 23,606297 33,14341
57,93996 23,445286 32,3539
109,38666 23,284273 31,564394
101,44253 23,922287 31,072268
88,983 24,560299 30,580141
109,94751 24,435982 31,376253
95,51417 23,752993 31,803774
94,61624 23,070004 32,231293
49,533062 2,7756631 37,012363
113,92993 1,9708813 36,972675
82,65906 1,2288268 37,28669
105,90109 2,0300128 37,20096
96,5319 4,719882 31,80053
51,227913 4,989694 31,041286
113,776634 5,2595057 30,282043
97,09727 4,4966965 30,5416
56,740467 3,7338865 30,801157
60,766552 2,971077 31,060715
68,786545 2,9675186 30,254963
106,65971 2,9639604 29,449211
60,8334 2,167786 29,573126
77,4785 1,3716114 29,697039
77,5213 0,57543695 29,820953
102,335556 0,16082701 29,13005
104,1014 59,746216 28,439148
95,88294 0,37654066 27,93721
96,85378 1,0068642 27,435274
76,10032 0,28167918 27,786493
79,73922 59,738716 28,381842
71,54627 59,195755 28,97719
59,178257 58,65279 29,572538
52,144844 58,10983 30,167887
96,00531 57,566864 30,763237
96,64522 58,170662 30,229685
73,59318 58,774464 29,696135
106,59667 59,37826 29,162584
69,82181 59,98206 28,629032
84,546196 0,58585584 28,095482
102,01523 1,1896539 27,561932
104,02719 1,7934519 27,028381
107,10346 2,39725 26,49483
94,62767 3,001048 25,961279
80,91022 3,604846 25,427729
101,65096 2,9889245 24,90822
51,619034 2,3730032 24,38871
52,123722 1,7570817 23,869202
45,762184 1,0669698 23,453276
95,91093 0,37685776 23,037352
57,34138 59,686745 22,621426
86,55045 58,996635 22,2055
114,32197 58,306522 21,789576
61,385246 57,61641 21,37365
86,639694 56,926296 20,957724
56,69005 56,55193 21,671234
115,768654 55,988144 21,095566
48,708214 55,424355 20,519897
44,272564 54,86057 19,94423
99,2667 54,296783 19,36856
83,81445 54,53829 20,137276
85,3283 54,779793 20,905993
55,104675 55,021297 21,674707
82,106834 55,262802 22,443424
60,013863 55,504307 23,21214
82,27658 55,74581 23,980856
102,56603 55,987312 24,749573
55,738064 56,228817 25,518288
82,347374 56,47032 26,287004
67,24603 56,711826 27,05572
52,505222 56,640938 27,858355
110,390915 56,570045 28,66099
110,20269 56,499153 29,463625
84,7121 56,428265 30,26626
75,01393 57,038776 30,792116
79,84763 56,237793 30,879738
114,31611 55,913315 30,1422
94,62819 55,588833 29,404663
77,11809 55,264355 28,667128
49,997437 54,91579 27,94066
92,6039 55,243614 28,67672
61,703266 55,571434 29,412777
112,756004 55,899258 30,148834
83,39924 56,22708 30,884892
62,703106 56,554905 31,620949
116,912056 56,882725 32,357006
97,03397 57,21055 33,093063
70,71852 57,538372 33,82912
111,54883 57,866196 34,56518
109,820244 58,194016 35,30124
99,0545 58,52184 36,037296
91,180244 58,849663 36,773354
111,01398 59,177486 37,50941
57,07351 58,89795 38,26513
101,45469 58,618412 39,020844
46,303482 58,338875 39,77656
55,89807 58,059338 40,532276
65,20917 58,090637 41,33743
107,26077 58,121937 42,142582
92,9471 58,153236 42,94773
100,73809 58,820923 42,496685
59,37975 59,48861 42,04564
86,062485 0,15629558 41,594593
75,13571 0,8239824 41,143547
70,65848 1,4916693 40,6925
50,432423 2,2585268 40,44516
51,410088 22,643246 39,598747
86,750046 23,293339 40,0748
85,88465 23,943432 40,550854
105,42904 24,091848 39,75888
93,85644 24,240267 38,96691
110,832054 24,018633 38,19223
69,619354 23,796997 37,417553
56,144646 23,575363 36,642876
47,026268 23,35373 35,868195
45,962624 24,049978 35,462627
70,15627 24,746227 35,05706
110,21741 25,55161 35,032425
97,823586 26,356993 35,007786
92,008255 27,162376 34,98315
58,9158 27,96776 34,958515
58,289387 28,773142 34,933876
114,8646 28,041628 35,271717
88,00895 27,310112 35,609554
72,608574 26,56038 35,904766
93,605225 25,81065 36,19998
88,69032 26,204254 36,90306
69,72629 26,597858 37,606144
49,107513 26,931541 36,872723
99,71755 27,693102 37,13592
102,583954 28,454662 37,39912
90,99326 29,260017 37,424683
74,35644 30,06537 37,45024
63,763393 30,870726 37,4758
103,51424 31,676079 37,501358
107,509796 31,252579 36,815872
73,85272 30,829077 36,130383
88,99143 30,405577 35,444893
97,79704 29,982077 34,759403
74,03396 29,558575 34,073914
56,562187 29,135075 33,388424
75,666275 29,919052 33,202343
82,14673 30,703032 33,016266
97,37583 30,842443 32,222656
85,90448 31,114069 31,46406
64,97139 31,385693 30,705463
99,76416 31,657316 29,946867
58,29688 31,92894 29,18827
83,568275 32,200565 28,429674
65,303474 32,472187 27,671078
107,83772 32,743813 26,91248
70,29266 32,02403 26,550323
93,66857 31,669397 27,273846
44,78601 31,314766 27,99737
67,335365 30,687117 27,492094
63,172066 30,059465 26,986816
77,196304 29,431816 26,48154
83,097305 28,627687 26,430311
90,5044 28,66123 25,62525
43,24263 28,694773 24,820189
70,17891 28,791065 24,020203
108,64563 28,887358 23,220219
98,63807 28,723003 24,009037
87,18289 28,558647 24,797857
74,26347 28,394293 25,586676
113,43496 28,229939 26,375496
89,16966 28,065584 27,164314
96,615944 27,90123 27,953135
64,24092 27,933083 28,758265
115,36197 28,12748 29,540222
45,27813 28,321875 30,32218
85,59274 27,595541 30,671019
103,64301 26,869207 31,019855
47,933754 27,650055 31,218662
67,16432 28,430904 31,41747
75,46719 29,230871 31,321028
57,871555 30,030838 31,224585
79,94375 30,830805 31,128143
112,2753 30,199472 30,627478
83,968124 29,568138 30,126812
92,006485 28,936804 29,626146
55,838024 29,405727 28,97089
85,04883 30,150166 28,662569
40,025105 29,344475 28,673183
87,538704 28,538786 28,683798
93,31013 28,748665 29,461742
109,8609 28,958542 30,239689
74,11843 29,16842 31,017635
49,712704 29,3783 31,79558
110,33989 29,588179 32,573524
56,792927 29,798056 33,35147
65,7945 30,007935 34,129417
89,865234 30,217813 34,907364
78,24123 30,427692 35,68531
97,7146 30,63757 36,463253
60,86083 30,274317 35,744022
107,90331 29,911064 35,024788
65,86443 29,547812 34,305557
98,06669 29,184559 33,586323
49,30907 28,821306 32,86709
78,85292 28,151134 32,419746
106,25958 27,480963 31,9724
76,63856 28,054691 31,406641
105,998856 28,62842 30,840881
85,900055 29,20215 30,275124
112,999725 29,775879 29,709364
95,539154 30,349607 29,143604
107,25043 30,923338 28,577847
63,321983 31,497066 28,012087
42,846214 32,070797 27,446327
112,15572 32,644524 26,880568
71,92253 33,218254 26,31481
76,321526 33,791985 25,74905
110,52235 34,36571 25,18329
76,21702 34,93944 24,617533
106,497314 35,513172 24,051773
77,44338 36,0869 23,486013
95,14511 36,827984 23,802313
57,289368 37,569065 24,118612
59,48003 37,423717 23,326069
72,79609 37,27837 22,533527
57,84355 37,133022 21,740986
111,713524 37,91863 21,561901
110,00708 38,704235 21,382816
104,51384 39,48984 21,203732
82,791435 40,275448 21,024649
101,08287 41,061054 20,845564
100,804794 41,84666 20,66648
48,418484 42,632267 20,487394
116,18494 43,417873 20,30831
112,9545 42,665123 20,020882
83,02229 41,91838 19,718191
80,1787 41,171635 19,415499
51,3655 40,424892 19,112806
91,14854 41,122265 19,51644
58,47387 41,54608 20,201735
68,45856 40,754807 20,049635
84,99719 39,963535 19,897535
91,760895 39,724754 20,667103
97,16372 39,485977 21,43667
64,79881 39,2472 22,206238
62,918 39,00842 22,975803
95,43378 39,72818 22,613598
77,64121 40,44794 22,25139
57,95441 41,1677 21,889185
101,91821 40,770912 21,187895
77,52461 40,374126 20,486605
85,72178 39,977337 19,785315
110,075645 39,580547 19,084024
64,25464 39,18376 18,382734
87,51021 39,955196 18,615404
47,515827 40,72663 18,848074
108,76057 41,49807 19,080744
94,74971 42,269505 19,313414
116,23283 41,522022 19,614279
87,68697 40,77454 19,915144
54,22366 40,027058 20,21601
60,96851 39,27958 20,516874
58,72068 38,532097 20,817741
83,25725 37,784615 21,118607
106,688675 37,037132 21,419472
45,148937 37,055485 20,61392
79,08156 37,073837 19,80837
72,96236 37,09219 19,00282
109,8062 37,110542 18,19727
55,993813 36,773064 18,62912
61,821762 37,02499 19,394484
98,339386 37,276913 20,15985
87,89277 37,528835 20,925213
105,88287 37,402805 20,129372
95,183235 37,276775 19,333529
101,35348 37,15074 18,537687
57,429783 40,483536 8,99066
106,78421 40,38275 8,191228
43,0399 37,879543 2,5485702
65,79806 39,516987 2,722076
61,068626 39,462284 1,9181753
86,96132 39,09648 1,2002369
96,185974 38,730675 0,48229864
90,71205 38,364872 79,76436
87,08592 38,90176 79,16353
116,29877 39,438644 78,5627
115,90831 39,975533 77,96186
91,41671 40,51242 77,36103
93,52704 41,04931 76,76019
102,60117 41,586197 76,15936
112,487404 42,123085 75,55853
65,190956 42,659973 74,957695
84,66469 43,19686 74,356865
54,01251 43,07015 73,561134
78,60518 42,94344 72,765396
59,108116 42,816727 71,969666
83,07299 42,690014 71,17393
100,97336 42,5633 70,3782
100,38812 42,436592 69,58246
75,36438 42,30988 68,78673
89,46116 42,183167 67,99099
59,037933 42,056458 67,19526
89,83962 41,929745 66,39953
44,631046 41,803032 65,60379
79,90974 41,036827 65,35443
56,685364 40,270622 65,10508
109,62652 39,504417 64,85572
110,998795 38,738213 64,60637
57,507004 37,972008 64,35701
73,55617 37,205803 64,10765
48,95051 36,439598 63,8583
41,35886 35,673393 63,60894
82,53866 34,90719 63,359585
97,647644 34,140984 63,11023
53,97805 33,37478 62,860874
102,19145 32,608574 62,61152
75,628944 31,84237 62,36216
99,48573 31,076164 62,112804
73,257744 30,30996 61,86345
41,263863 29,543755 61,614094
79,6963 29,363407 60,828773
70,59493 30,06032 61,233204
107,46192 30,618423 61,81438
40,559727 30,505936 61,016514
78,225716 30,393448 60,218643
49,79183 29,680141 60,5934
45,57017 28,966835 60,968155
89,02467 28,253527 61,342907
69,7402 27,476 61,131485
42,744255 26,698473 60,920063
44,696636 26,858507 60,130356
48,040874 27,638168 59,926937
94,28213 27,88961 59,161415
41,650307 28,141052 58,39589
97,06349 28,867718 58,744038
58,89204 29,594385 59,092182
67,867966 29,689112 59,892353
117,00702 29,783838 60,692528
74,64475 29,061275 61,04911
114,28551 28,338715 61,405697
40,108967 29,065971 61,05879
103,60811 29,79323 60,711884
46,437355 30,520489 60,364975
91,00335 31,247746 60,01807
95,90203 31,975004 59,67116
66,40056 32,702263 59,324257
50,96382 33,42952 58,97735
108,37956 34,156776 58,630444
104,6386 33,395817 58,365517
53,826176 32,634853 58,100594
61,91496 31,873892 57,83567
110,66677 31,112928 57,570744
59,47588 30,351967 57,30582
110,422226 29,591003 57,040897
117,102745 29,202087 57,746582
53,981613 28,81317 58,452267
113,54291 28,424252 59,157955
76,49142 28,035336 59,86364
86,43901 27,323488 60,24116
48,673355 26,61164 60,618683
84,1388 25,899794 60,996204
49,88214 25,187946 61,373726
103,53888 24,405628 61,180786
110,736374 25,168488 60,92138
87,48809 24,872547 60,171932
42,810295 24,576609 59,42249
116,471985 24,280668 58,673042
64,50947 24,807787 58,06362
102,29611 25,334906 57,4542
111,852295 25,862024 56,84478
108,53754 26,389143 56,23536
101,97015 26,916262 55,625935
101,92259 27,44338 55,016514
90,76002 26,925102 55,633472
84,48562 26,42786 54,999435
64,44931 25,93062 54,365402
73,49289 25,433378 53,73137
109,94629 24,936138 53,097332
112,41506 24,438896 52,4633
48,132534 23,941656 51,829266
67,72005 24,450754 51,204712
64,39725 24,959854 50,58016
55,792557 25,468954 49,955605
61,509094 25,978052 49,33105
114,1135 26,487152 48,7065
44,54535 26,996252 48,081947
43,77415 27,505352 47,457394
47,90346 28,01445 46,83284
85,42112 27,578268 47,51033
109,47814 27,142086 48,187824
98,631424 26,705906 48,865314
95,65334 27,413002 48,478966
101,276855 28,120098 48,09262
115,98244 28,827194 47,706276
102,39233 28,39319 48,385162
73,09066 27,590292 48,317318
46,973984 27,002783 47,76588
63,211967 26,415276 47,214443
83,894226 25,827768 46,66301
40,466316 25,24026 46,111572
82,74427 24,652752 45,560135
94,40971 24,065243 45,008698
89,82522 23,477736 44,45726
106,9211 22,890228 43,905823
110,045494 22,70073 36,61705
48,355892 23,074894 35,903435
107,43637 23,449059 35,189816
99,54306 23,823223 34,4762
48,165684 24,197388 33,76258
43,215347 24,571552 33,048965
88,85969 24,945717 32,33535
46,038635 25,319881 31,62173
93,73548 25,694046 30,908115
43,445038 26,06821 30,194498
52,66442 26,442377 29,48088
79,0836 26,816542 28,767263
56,15163 27,190706 28,053646
104,47921 27,56487 27,340029
80,06489 27,939035 26,626413
116,36307 28,73563 26,505224
116,83983 29,539742 26,45374
51,800453 30,138313 26,993147
85,36051 30,736883 27,532555
102,74873 30,635357 28,331894
108,536736 30,533829 29,131231
44,057262 30,72227 29,914646
56,086357 30,910707 30,698061
60,284492 31,420141 30,07378
47,41548 30,640203 30,276129
78,13394 29,860266 30,47848
96,53854 29,080328 30,680828
79,77551 28,300388 30,883179
81,39797 27,52045 31,08553
77,05229 26,740513 31,287878
89,96452 25,960575 31,490229
72,60319 25,180637 31,692577
100,71102 24,657598 31,079653
76,042336 24,13456 30,466726
65,1569 23,611519 29,8538
64,64609 23,08848 29,240873
40,56129 22,565441 28,627949
82,21565 22,042402 28,015022
78,054855 21,519361 27,402096
110,09327 20,996323 26,78917
78,7567 20,473284 26,176243
106,93183 19,950245 25,563318
87,393295 19,427204 24,950392
40,18479 20,115974 24,532248
74,03134 20,804745 24,114101
53,90043 20,182114 23,602654
53,70827 19,559483 23,091206
76,40632 18,936852 22,579758
96,01435 18,31422 22,06831
73,80476 17,69159 21,55686
94,53935 17,741236 22,36109
87,96525 17,79088 23,165318
97,96231 18,219393 22,48295
89,08241 18,647903 21,800581
83,95899 17,965282 22,228691
72,49953 18,771036 22,232117
55,512814 19,576788 22,235542
90,21798 20,38254 22,238966
65,500145 21,188292 22,242392
95,46144 20,941936 21,475218
61,598293 21,744007 21,552237
86,73961 22,431526 21,132036
55,988255 23,119043 20,711838
77,86295 23,80656 20,291637
65,55342 24,49408 19,871439
81,1691 25,181597 19,451239
95,95002 25,869116 19,03104
78,54493 26,556633 18,61084
70,26661 27,244152 18,190641
91,25309 26,023733 15,157387
101,923004 25,648132 11,047423
62,448765 25,130444 10,429971
64,01157 25,21707 9,628881
74,625084 25,303696 8,827791
52,163837 25,978823 5,12149
50,18116 25,177807 5,208799
49,100655 24,376793 5,2961082
111,60098 23,575777 5,383417
105,702354 23,148363 4,700361
94,48675 22,72095 4,017304
94,39544 22,293537 3,3342476
47,0633 21,866123 2,6511912
74,333084 21,43871 1,9681346
40,008667 22,186962 2,2670763
69,94193 22,935215 2,5660179
48,221954 22,547266 1,8597997
57,70692 22,159317 1,1535816
50,922348 21,771368 0,44736353
77,38328 21,383419 79,74114
86,751884 20,99547 79,03493
101,274414 20,607521 78,32871
82,544365 20,70682 77,52909
69,92559 20,806118 76,72948
78,04884 20,905416 75,929855
109,09332 21,004715 75,13024
80,67572 20,203161 75,21247
82,79323 19,40161 75,29471
63,82833 19,861336 74,632965
106,62081 20,32106 73,97123
99,7565 20,780787 73,30949
105,34455 21,24051 72,64774
87,0576 21,700237 71,98601
78,76574 22,007185 72,73101
70,96827 22,291868 71,97721
108,88907 22,576551 71,22342
45,12324 22,80329 70,45022
43,738953 23,03003 69,677025
82,02256 23,25677 68,903824
56,713627 23,48351 68,13062
57,462456 23,710249 67,35742
75,11569 23,936989 66,58422
106,46741 24,415602 65,93601
99,50327 24,894217 65,2878
71,55712 25,37283 64,63959
42,070477 25,894026 65,25408
92,50039 26,584625 65,669205
44,381996 27,275223 66,08432
109,00013 27,630377 65,36105
66,121216 27,985529 64,63779
93,88148 28,340683 63,91452
98,91184 28,695837 63,191254
115,47885 29,05099 62,467987
107,695 29,774208 62,82324
96,238525 30,497427 63,17849
45,446583 31,220646 63,53374
40,548325 31,943865 63,88899
51,76105 32,667084 64,24424
62,40177 33,390305 64,599495
97,51427 34,11352 64,95474
109,05711 34,836742 65,30999
102,460785 35,55996 65,665245
117,34369 36,283176 66,02049
95,49525 35,761814 65,40614
84,37546 35,24045 64,79179
78,751396 34,71909 64,17744
115,25646 34,197727 63,563084
116,31153 33,67636 62,94873
92,482834 33,155 62,33438
86,3738 32,633636 61,720028
102,57565 32,112274 61,105675
68,22521 31,440653 60,660507
67,96397 30,635828 60,621693
68,9661 29,831003 60,582882
82,55001 29,02618 60,544067
51,534103 28,307089 60,907604
55,287678 27,588 61,271137
51,313606 26,86891 61,634674
51,509243 26,149818 61,99821
49,75873 25,430729 62,361744
66,58254 24,711637 62,72528
75,638374 23,992548 63,088814
52,64096 23,273458 63,45235
70,2338 22,49649 63,665817
54,24847 21,719522 63,879288
115,585976 22,50999 64,03552
97,14188 23,300459 64,19175
116,20304 24,090927 64,347984
61,083298 24,881395 64,50422
90,77465 25,584206 64,11013
41,409184 26,287016 63,716038
64,38776 26,989826 63,32195
49,520535 26,513313 62,67219
70,59108 26,036802 62,022434
84,615105 25,56029 61,372677
111,583466 25,083776 60,72292
92,392815 25,180971 59,923042
53,494507 25,278168 59,12317
114,94035 25,375362 58,32329
89,36104 25,472557 57,523415
110,31429 25,569752 56,72354
48,93446 25,666946 55,923664
63,504013 25,764141 55,123787
78,383156 25,861336 54,32391
115,557205 25,95853 53,524036
53,439255 26,055725 52,72416
87,05297 26,15292 51,924282
65,6293 26,250114 51,12441
106,94708 26,34731 50,32453
112,02531 26,444504 49,524654
92,72069 26,541698 48,72478
47,21699 26,638893 47,924904
50,108467 26,388939 47,158894
100,23186 26,138985 46,392883
62,253395 25,88903 45,626873
57,141445 25,639076 44,860863
113,78144 25,389122 44,094852
114,03082 25,306349 44,89635
109,129234 24,906834 45,596092
73,2498 24,50732 46,29583
85,00288 24,609142 45,496532
109,20163 24,710964 44,69723
68,791435 24,812786 43,89793
112,1386 24,914608 43,09863
68,43165 25,016428 42,29933
80,48312 25,11825 41,50003
61,63546 24,377506 41,81712
99,05999 25,183252 41,812416
66,44915 24,518438 41,357147
117,32142 25,07991 40,77922
102,22901 25,641384 40,201298
43,814575 26,202856 39,62337
79,034485 26,764328 39,04545
72,67305 27,325802 38,46752
61,43027 27,887274 37,8896
44,930172 28,448748 37,311672
67,3279 29,01022 36,73375
114,26706 29,571693 36,155823
112,936905 30,377375 36,167007
50,100365 31,183058 36,178192
91,524994 31,988739 36,189373
92,477066 32,794422 36,200558
79,65863 33,6001 36,21174
102,93026 34,405785 36,222923
55,26349 35,211468 36,234108
79,9154 36,017147 36,24529
67,75059 35,737694 35,489544
76,80744 35,45824 34,733795
76,82409 35,178783 33,97805
108,49602 34,89933 33,2223
116,01584 34,26746 33,72229
52,36194 33,63559 34,22228
100,67255 33,00372 34,72227
93,41507 32,37185 35,22226
103,948494 31,739979 35,722248
101,158966 31,122889 36,240368
97,01944 30,753033 35,524506
53,387135 29,9829 35,761456
114,501434 29,212769 35,998405
115,17684 28,442636 36,235355
49,724613 28,011906 35,554386
95,443146 28,574554 36,131165
91,85329 28,013659 36,70965
100,01703 27,45276 37,28813
103,87037 26,891865 37,86662
77,15974 27,126999 37,09593
48,712753 27,362133 36,32524
58,185894 26,65664 36,714504
47,874954 27,236107 36,154625
50,101925 27,815577 35,594746
40,469276 28,395044 35,034866
72,78632 28,974512 34,474987
106,68647 29,031315 35,278744
93,990524 29,088116 36,082497
98,2848 28,35199 35,75483
92,610596 27,773178 36,315384
88,89709 27,663052 37,113583
76,79714 27,552925 37,91178
107,39356 28,244806 38,32476
90,370636 28,936686 38,737736
103,06941 29,628567 39,150715
48,85195 28,823706 39,11268
93,68371 28,018843 39,074642
101,866035 27,213982 39,036606
59,04742 27,743294 38,42909
95,80239 28,272606 37,82157
79,04827 28,801918 37,214054
108,55937 29,194645 37,917625
65,80107 29,587374 38,621197
109,2809 29,980103 39,324768
94,84296 30,372831 40,02834
90,53949 30,074203 40,77672
56,568146 30,76378 40,35991
49,943142 31,45336 39,943096
55,53023 32,142937 39,526287
43,745865 32,832516 39,109478
98,924194 32,83411 39,915234
109,50681 32,835705 40,720993
110,86046 32,102406 41,054947
58,127026 31,429668 40,61147
95,67607 30,75693 40,16799
72,323265 30,084192 39,724514
116,2833 29,411453 39,28104
46,737076 28,738714 38,837563
84,38066 28,065977 38,394085
41,33061 27,393238 37,950607
116,48354 26,7205 37,507133
90,05197 26,047762 37,063656
65,86045 25,375023 36,62018
87,445496 24,702286 36,1767
81,20677 24,029547 35,733223
58,971104 23,35681 35,28975
45,207523 22,68407 34,84627
112,63709 23,489218 34,814854
106,22066 24,294365 34,783436
106,46805 25,09951 34,752018
101,3347 25,904657 34,7206
92,592964 25,309063 35,26329
83,796074 25,120836 36,046757
58,268005 24,932611 36,830223
52,954407 24,354523 36,26892
96,96603 24,591831 35,498898
65,0617 24,829142 34,728878
50,084316 25,06645 33,958855
102,997314 24,261478 33,92321
60,147495 23,456509 33,88757
114,190605 22,651537 33,851925
50,764378 23,457006 33,873558
73,38256 23,767122 33,129868
48,773994 24,07724 32,386177
77,96009 24,822796 32,691784
104,50212 25,568352 32,99739
68,52111 26,313908 33,302994
80,29727 27,059464 33,6086
40,454643 27,80502 33,914207
73,6291 28,550575 34,219814
88,09185 29,296131 34,52542
84,87744 30,041687 34,831024
61,664917 29,716805 34,093666
66,4265 29,391922 33,356304
41,281902 29,453083 32,55287
100,57 29,159525 31,802488
47,260014 28,865969 31,052107
102,48441 28,060211 31,05006
56,89238 27,55631 31,678814
109,34869 28,152014 31,13624
100,945564 28,747717 30,593666
72,21478 29,473412 30,943832
50,84215 30,199104 31,293999
63,023853 30,924799 31,644165
114,30754 31,650494 31,994331
91,30651 32,376186 32,344498
91,57508 31,589329 32,170998
59,507584 32,20635 31,652798
60,479218 32,82337 31,134596
77,85136 33,440395 30,616394
93,95176 34,057415 30,098192
82,44495 34,67444 29,57999
47,096386 35,29146 29,06179
102,05684 35,128723 29,850945
107,8863 34,965984 30,640099
62,496624 34,35974 31,170868
115,20347 35,15013 31,014236
87,88628 35,940517 30,857607
55,892574 36,730907 30,700975
107,51577 37,521297 30,544344
96,90187 38,311687 30,387712
108,60151 39,102077 30,231081
90,242134 39,892464 30,074451
92,68335 40,55904 29,621763
58,48195 40,46072 28,822025
54,38817 40,3624 28,022287
43,652367 40,26408 27,222548
79,268135 40,165764 26,42281
102,33863 39,767895 25,722132
70,01353 39,370026 25,021454
72,51107 39,13997 25,793673
79,05488 38,909916 26,565893
49,592865 39,201405 25,814705
93,29032 38,509586 26,227785
44,786877 37,817764 26,640863
60,09219 37,125946 27,053944
112,397514 36,434128 27,467022
62,14396 35,742306 27,880102
63,770935 35,58289 27,09027
92,97647 35,423473 26,300438
53,566174 35,836346 25,608494
71,78529 36,249214 24,91655
56,264233 36,011467 25,686436
104,52631 35,281387 26,027369
100,291336 34,55131 26,368303
81,755806 33,821236 26,709236
65,48234 33,091156 27,050169
69,175316 32,36108 27,391102
71,88694 31,631002 27,732035
69,227264 31,783585 28,523216
74,839355 30,979303 28,474432
112,79569 30,175022 28,425646
94,11573 30,94805 28,198322
60,574112 30,148441 28,098951
111,337395 29,348833 27,99958
49,225487 28,549223 27,90021
69,60336 27,749615 27,800838
45,07549 26,947693 27,879383
47,731586 26,145771 27,95793
117,105774 26,101059 28,762447
103,60174 26,056349 29,566965
54,32329 26,011639 30,371485
79,505295 25,966927 31,176003
54,897137 25,922216 31,98052
55,52314 25,16325 31,709927
114,507355 24,404285 31,439335
81,21709 24,011887 30,735579
86,71561 23,577272 31,414078
44,759186 23,086119 30,775314
86,77864 22,594965 30,136553
116,917366 22,103813 29,497791
67,03302 21,61266 28,859028
54,441742 22,418297 28,844969
50,744263 22,466566 28,040657
75,913635 22,514835 27,236343
105,5818 22,563105 26,432032
63,968212 22,611374 25,62772
111,14546 22,659643 24,823406
45,88901 22,707912 24,019094
71,289345 22,756182 23,21478
92,540535 22,804453 22,41047
49,28991 22,852722 21,606157
60,816906 22,900991 20,801844
85,15288 22,94926 19,997532
82,231224 22,99753 19,193218
58,371758 22,252882 19,50103
113,70821 21,508232 19,80884
70,338066 20,85461 20,280037
96,59707 20,200989 20,751232
115,91208 19,547365 21,22243
49,37961 18,929102 21,73915
56,182556 18,310839 22,255867
50,254803 17,692574 22,772587
72,77995 17,07431 23,289305
102,34409 17,705637 22,78863
79,12817 17,907991 22,008694
49,499165 18,110348 21,228756
106,07981 18,312702 20,44882
96,41904 17,894777 19,759918
58,582348 17,476852 19,071014
71,18355 17,058928 18,382113
80,40101 16,641003 17,693209
94,62565 16,223078 17,004307
54,53594 15,805152 16,315403
94,66547 15,387227 15,6265
82,127754 14,969301 14,937597
105,05033 14,903221 15,740643
77,43386 14,798986 14,941653
