0
121,41124 21,09096 75,5905
50,25136 21,429134 75,20631
46,171528 21,76731 74,82211
66,04561 22,105482 74,43792
76,045525 22,383102 74,00793
101,44349 21,886827 73,882706
97,361145 21,390554 73,75749
118,922646 21,353443 74,267975
120,44519 21,316334 74,77845
92,21765 21,279222 75,28893
125,91327 21,242113 75,799416
90,356964 21,751438 75,84997
94,89789 21,745476 75,33817
44,787457 21,938726 74,86423
81,665695 22,131977 74,39029
70,08264 22,325228 73,91634
107,1327 22,518478 73,442406
48,174976 22,71173 72,96846
65,95522 22,81971 73,468765
122,5653 23,31033 73,32296
82,50037 23,80095 73,177155
46,931156 24,291569 73,03134
101,22683 24,782188 72,88554
107,08185 25,223566 73,14468
86,780975 25,71745 73,279015
103,98608 26,211332 73,41335
57,37272 26,705215 73,54769
62,334824 27,199099 73,68203
128,3419 26,910528 74,10475
39,319046 26,621956 74,52747
104,579735 26,333385 74,950195
56,023544 26,044815 75,37292
78,97316 25,756243 75,79564
52,89948 25,393076 75,434975
123,18203 25,02991 75,07432
51,10325 24,63694 75,40225
119,07943 24,243973 75,73019
62,106796 24,414728 76,21269
109,1195 24,864285 75,96802
105,67101 25,313839 75,72334
88,45818 25,763395 75,47866
116,992836 26,212952 75,233986
82,77148 26,662508 74,98931
78,8514 27,112064 74,74463
90,55262 27,56162 74,499954
96,8967 28,011175 74,25528
125,60216 27,832146 73,77578
78,14431 28,302246 73,573364
123,61338 28,35902 73,06469
78,67837 28,415792 72,55602
121,517334 28,472567 72,047356
103,71722 28,52934 71,53869
117,65888 28,262157 71,10213
41,185947 28,049126 70,63674
77,32229 27,588682 70,41322
57,31202 27,68234 69,91004
51,975277 27,775997 69,40685
92,379196 28,282713 69,47902
120,12622 28,789427 69,55118
99,437805 29,296143 69,623344
70,73073 29,802856 69,69551
108,10096 30,074833 69,261925
91,52227 30,34681 68,82834
62,454376 30,618784 68,39475
67,67066 30,89076 67,96117
124,54206 31,162737 67,52758
94,17665 31,549376 67,1922
65,581 31,936012 66,85683
40,91457 32,17942 66,40658
40,95913 32,42283 65,95634
54,60016 32,666237 65,50609
90,26819 32,424545 65,95726
75,82647 32,182858 66,408424
53,388515 31,941166 66,8596
65,82846 31,699474 67,31077
86,725426 31,187649 67,31
125,80599 31,55533 67,66605
91,18198 31,923014 68,02211
77,97557 31,413828 67,97017
74,51051 30,904644 67,91823
50,187725 30,395458 67,86629
104,0392 29,886272 67,81435
93,34715 30,265938 67,47109
100,523544 30,645601 67,12784
119,56519 31,025265 66,784584
66,448204 31,404928 66,44133
95,54509 31,784594 66,098076
93,06846 32,164257 65,75482
111,87181 32,536083 66,10655
122,92814 32,926342 65,7754
64,97035 33,3166 65,44424
90,95144 33,828075 65,42522
96,3138 34,33955 65,4062
75,90549 34,851025 65,38718
128,7129 34,840233 64,87546
110,59739 34,82944 64,36375
73,24833 34,81865 63,85203
97,37804 35,15597 63,46709
60,941494 35,493294 63,082146
100,91939 35,830616 62,697205
60,94016 36,16794 62,31226
78,53114 36,50526 61,92732
78,408356 36,842583 61,542374
49,920975 37,179905 61,157433
66,07518 36,89353 60,733215
99,67045 36,938477 61,243065
97,976585 36,983418 61,752914
109,32589 36,770725 61,287373
54,780876 36,295456 61,47734
119,805695 35,820187 61,667305
44,216045 36,260044 61,405594
105,8483 36,71235 61,166035
89,5231 37,096237 60,82751
81,866455 36,974937 60,330265
114,75739 36,853638 59,83302
128,71162 36,732338 59,335773
84,94326 36,61104 58,838528
40,81702 36,41697 59,312134
104,27053 36,2229 59,785744
83,57702 36,470493 60,2337
44,21964 36,941887 60,433086
104,899895 37,41328 60,632473
80,156815 37,884674 60,83186
41,813255 38,356068 61,031246
110,11831 38,705593 60,65735
62,165752 39,055122 60,283455
90,110374 39,52768 60,086845
44,383335 40,00024 59,890236
99,5506 40,4728 59,693626
99,60713 40,94536 59,49702
67,40367 41,41792 59,30041
78,72616 41,89048 59,1038
53,65276 42,363037 58,907196
83,57687 42,105854 59,349716
79,16508 41,59615 59,303154
95,14823 41,734226 58,810303
109,06172 41,580563 59,29852
126,090996 42,01995 59,03602
77,18733 42,45934 58,773518
46,601345 42,898724 58,51102
81,265274 43,075085 58,030537
52,760002 43,21222 57,537422
112,827126 43,349358 57,044308
121,59881 42,842888 56,970448
93,85096 42,33642 56,896587
106,95129 41,844017 57,036263
45,125385 41,351616 57,175934
120,43628 41,773876 56,88669
71,00148 41,975548 57,35711
123,444664 42,334194 57,722263
121,713974 41,881744 57,961544
123,15656 41,42929 58,200825
81,82135 40,97684 58,4401
66,7836 40,524387 58,679382
39,135788 40,427963 58,17672
54,511753 40,0361 57,84746
76,95208 40,538315 57,946194
110,79087 41,040527 58,044926
119,852516 40,572594 58,2523
82,753136 40,104656 58,45967
106,95118 39,949192 57,972027
61,690155 39,793728 57,48438
108,612885 39,638264 56,996735
59,95549 39,4828 56,509087
47,793755 39,327335 56,021442
45,67196 39,49374 55,537422
103,89358 39,660145 55,0534
128,46413 39,82655 54,569378
116,0855 39,992954 54,085358
101,26021 40,34816 53,71685
119,03406 40,381878 53,206135
99,862434 40,4156 52,69542
64,68476 40,449318 52,184704
76,449524 40,381794 51,67735
104,69143 40,878643 51,800266
107,35511 41,363415 51,636066
100,6228 41,09928 51,19766
88,52912 40,835144 50,759254
43,751675 40,571007 50,320847
114,75558 40,306873 49,882442
125,12463 40,042736 49,444035
45,430527 40,43555 49,77216
72,658844 40,828365 50,10028
42,803955 41,31533 50,257866
108,6773 41,802296 50,415447
67,36171 42,28926 50,57303
108,27875 42,776226 50,73061
101,26681 43,26319 50,88819
50,533237 43,750156 51,045773
89,57865 43,799126 51,555252
119,38052 43,848095 52,06473
98,52433 44,349766 51,963276
41,007492 43,992596 51,596672
89,85338 43,635426 51,230072
46,575447 43,27826 50,86347
40,333622 42,92109 50,496864
84,71306 42,56392 50,13026
100,12376 42,206753 49,763657
119,893 41,83783 49,408886
115,592384 41,468906 49,05411
63,413185 41,099983 48,69934
91,66775 40,73106 48,344566
80,09863 40,362137 47,989796
127,66394 39,993214 47,635025
107,63862 39,537666 47,401695
127,42175 39,082115 47,16837
116,52288 39,579105 47,290718
116,25778 40,07609 47,41307
58,67591 40,573082 47,53542
64,50762 41,07007 47,657772
123,83262 41,571182 47,761955
54,68265 42,066807 47,6342
47,316536 42,562435 47,506447
105,97648 43,058064 47,37869
107,972694 43,553688 47,250935
116,92964 44,049316 47,12318
76,788315 43,844456 47,59222
86,53701 43,63959 48,06126
115,67624 43,43473 48,530304
96,96556 43,22987 48,999344
64,01035 43,02501 49,468384
104,365616 43,24 49,93287
116,40656 43,7069 49,723175
79,39126 44,1738 49,51348
86,134254 44,110806 49,005547
65,63278 43,956337 49,493507
65,88862 43,801872 49,981472
63,387184 43,375034 50,26392
78,077576 43,12649 50,711353
60,97231 42,663166 50,49387
64,874176 42,199844 50,27639
74,75674 41,73652 50,05891
63,948685 41,273193 49,84143
46,853752 40,809868 49,623947
79,5922 40,346546 49,406467
52,918037 39,88322 49,188988
94,14122 39,478676 49,502533
111,82201 39,074127 49,816074
109,72224 38,669582 50,12962
70,47259 38,265038 50,443165
124,492966 38,138203 50,93903
50,37901 38,011368 51,43489
126,861885 37,88453 51,930756
81,28192 37,757694 52,426617
58,162766 37,63086 52,92248
123,91732 37,982433 52,55051
106,74983 37,665806 52,148376
104,90414 37,349174 51,74624
67,20037 37,032543 51,344105
58,49134 36,94036 51,84756
121,06869 36,84818 52,35102
124,52674 36,755993 52,854477
96,55768 36,66381 53,357937
62,99006 36,57163 53,861393
66,13028 36,56666 53,34959
98,63483 36,963932 53,672302
78,40398 37,361202 53,995018
72,208336 37,871586 54,033455
103,75191 38,381966 54,071896
127,040504 37,888897 53,934597
63,758953 37,494267 54,26053
99,43093 37,099632 54,586464
107,04863 37,133343 55,09718
127,95377 36,83781 54,67929
84,10734 36,542282 54,261406
42,929558 36,24675 53,843517
49,016174 35,95122 53,425632
62,17996 35,65569 53,007744
105,77659 35,749115 52,504517
67,70454 35,974705 52,045086
57,913338 36,200294 51,585655
74,05799 36,584267 51,924084
119,38022 36,968235 52,262512
98,98642 37,352207 52,60094
78,67088 37,021248 52,210514
72,80322 36,69029 51,820087
124,59478 36,35933 51,429657
41,02332 36,49502 50,936146
46,94793 36,630714 50,44263
39,69043 37,128582 50,56135
86,540436 37,62645 50,680073
113,05284 38,064133 50,945404
127,0399 37,57835 50,784218
77,96693 37,092564 50,62303
42,37554 36,60678 50,461845
67,3919 36,61422 49,950073
50,010117 36,363102 49,50408
112,46747 36,111988 49,05809
88,50715 35,860874 48,6121
113,76724 35,37163 48,762463
91,2043 34,88239 48,912827
101,661575 34,37495 48,84595
125,813644 33,867508 48,779076
68,86944 33,36007 48,7122
58,823147 32,85263 48,64532
51,18336 32,34519 48,578445
64,17443 32,016438 48,186157
82,29338 31,687689 47,79387
88,121376 31,453674 48,249065
113,905525 31,219662 48,704266
115,617004 30,98565 49,159462
89,57937 30,963457 49,67081
78,438774 30,941265 50,182156
48,504967 31,137913 49,709614
55,26971 30,819746 50,110535
111,901115 30,50158 50,511456
47,254192 30,183414 50,912376
102,94145 30,284906 51,41404
70,496216 30,386398 51,915703
93,48002 30,48789 52,417366
83,51374 30,37411 51,918346
89,903275 30,260326 51,419327
56,36843 30,146545 50,920307
61,72804 29,716825 51,19835
102,44493 29,287104 51,47639
108,86463 28,797712 51,32651
76,09461 28,308321 51,176632
63,914433 27,818932 51,026752
73,98176 28,259077 51,28798
68,791756 28,699223 51,549206
125,79472 29,139368 51,810432
109,72274 29,579514 52,07166
52,31525 30,019659 52,332886
87,30904 30,459805 52,594112
86,53683 30,0673 52,922607
89,027336 29,800371 53,359318
101,617386 30,167929 53,715504
45,566647 29,686916 53,89042
114,13979 29,593246 54,393604
52,88936 29,499575 54,896786
93,38812 29,405903 55,399967
63,93748 29,916683 55,432713
57,638283 30,427462 55,465454
99,791176 30,93824 55,498196
126,34138 31,44902 55,530937
42,473892 31,498041 55,02146
82,021095 31,414768 54,516453
101,79679 30,924288 54,66273
69,75946 31,155796 54,206257
39,096222 31,387302 53,74978
96,18929 31,884014 53,626305
96,535805 32,380726 53,50283
50,267673 32,877438 53,379356
121,44267 33,374146 53,255886
123,67724 33,870857 53,132412
81,69852 33,3981 53,32854
99,590004 33,709503 52,922348
91,14185 34,02091 52,51615
49,519962 34,332314 52,109955
122,72745 34,64372 51,70376
72,439835 35,107166 51,486546
104,2031 35,570614 51,26933
112,15722 35,473747 50,766754
96,982864 35,429478 51,27666
64,42394 35,38521 51,78657
105,45808 35,340942 52,296482
98,57297 35,296673 52,806393
80,95378 35,252403 53,3163
101,471855 35,208134 53,82621
108,81601 35,163868 54,33612
100,57368 35,1196 54,84603
98,194466 34,75443 54,487396
83,5195 34,38926 54,12876
107,23999 33,918205 54,328945
56,86746 33,447147 54,52913
120,13069 32,976093 54,729313
64,96853 32,505035 54,9295
56,326836 32,03398 55,129684
57,138153 31,89375 55,621925
97,88541 31,476673 55,325253
88,4606 31,059597 55,02858
95,08136 30,64252 54,731907
126,965515 30,961758 55,131977
102,590965 31,280994 55,532047
88,726006 30,78829 55,39345
126,03556 30,464115 55,78953
61,842464 30,139942 56,18561
104,34218 29,81577 56,581688
70,92324 29,491596 56,977768
104,30154 29,986258 57,10921
55,74983 29,642399 57,488327
75,05308 29,298542 57,867443
64,951 28,954683 58,24656
65,8988 28,663063 58,667187
125,08156 28,37144 59,08781
66,74395 27,92072 59,330334
97,469284 28,17823 59,772663
127,067116 27,67525 59,867413
64,97933 27,17227 59,962166
51,63219 27,284441 59,462784
59,875877 27,064465 59,000637
43,790833 26,808601 59,44392
56,586002 27,2658 59,213844
42,097893 27,723001 58,98377
71,26979 28,1802 58,75369
75,08005 28,637402 58,523613
81,6195 28,151089 58,683197
49,978245 28,236458 59,18786
74,86006 28,685421 59,43362
55,08788 29,134384 59,679382
86,626045 29,583347 59,925148
49,44973 29,2218 59,56286
71,85112 28,860254 59,200573
70,79787 28,374195 59,040215
90,9288 27,888138 58,879852
47,839905 27,40208 58,719494
128,85104 26,916023 58,559135
82,83341 26,429964 58,398773
48,554 26,44418 58,910404
41,243637 26,458393 59,422035
103,02147 26,472609 59,933662
55,693268 26,486822 60,445293
101,96693 26,058565 60,725586
96,797295 25,630308 61,005875
123,252365 25,202051 61,286167
64,52806 24,773792 61,56646
87,31545 24,345535 61,84675
44,887127 23,917278 62,12704
126,6481 23,489021 62,40733
47,39748 23,060764 62,687622
70,77648 22,632505 62,967915
52,390404 22,204248 63,248203
109,87291 21,775991 63,528496
84,789116 21,347734 63,80879
74,12802 20,919476 64,08908
77,99062 21,118637 63,617588
104,316505 21,317799 63,1461
70,90533 21,516958 62,67461
69,92214 21,101385 62,973385
50,40312 20,685812 63,27216
70,45498 20,270239 63,570934
128,7194 19,854666 63,86971
120,663574 19,439093 64,16848
47,983227 19,898867 63,943592
105,336494 19,42386 63,75297
43,83202 18,948854 63,56235
113,595985 18,94624 64,07417
93,53854 18,943626 64,58599
87,53267 18,941013 65,09782
94,834816 18,938398 65,609634
90,64469 18,643751 65,191124
93,17425 18,349106 64,77261
99,322266 18,723478 64,4236
53,220222 18,249887 64,61771
92,453896 18,756527 64,54501
78,99508 18,377104 64,888535
95,02283 17,997683 65,232056
80,49319 17,618261 65,57558
66,227455 18,104168 65,7364
94,18959 17,633604 65,535065
57,768986 17,906435 65,10201
65,720894 18,179264 64,66897
80,647285 18,686483 64,737495
118,99583 18,435635 65,18364
71,76551 18,184786 65,629776
45,74673 17,933937 66,07592
107,24501 17,683088 66,522064
59,429615 17,88437 66,992645
43,917915 17,394901 67,14227
76,98693 16,905432 67,29189
73,73529 16,415962 67,44152
77,228035 15,926493 67,59114
47,283356 15,437023 67,74076
69,89754 15,764604 68,13403
82,0978 16,092184 68,5273
107,431366 16,08765 68,01549
88,032814 15,609678 67,83243
43,546825 15,813784 67,36306
83,80365 16,01789 66,89369
73,35563 15,738039 66,46515
104,46133 15,458187 66,0366
116,77545 15,808664 66,40961
128,12239 16,159142 66,782616
127,79172 16,509617 67,15562
125,10934 16,136518 66,805244
81,420555 15,763418 66,454865
116,81284 15,922207 65,96829
119,9248 16,080996 65,48172
104,88182 15,750384 65,090996
55,803535 15,532858 65,5543
94,86817 15,315331 66,0176
85,36201 15,779174 66,23398
39,579906 16,243015 66,45035
128,34941 16,706858 66,666725
55,22308 16,578278 66,17131
113,595375 16,449696 65,675896
61,597336 16,321114 65,18049
120,89292 16,192532 64,685074
88,51722 16,398079 64,21633
77,90971 16,603626 63,747593
128,08841 16,809174 63,27885
94,25997 17,01472 62,81011
93,9081 17,220268 62,34137
121,65784 17,425816 61,872627
79,78694 17,426943 62,384457
71,91553 17,428072 62,896282
60,68079 17,4292 63,408108
101,005585 17,110811 63,007362
107,91822 16,612648 62,88988
49,345333 16,114487 62,7724
63,707428 15,616323 62,65492
41,795803 15,118161 62,537437
54,70616 14,619999 62,419956
45,773205 14,121837 62,302475
94,99213 13,623674 62,184994
66,76292 13,125512 62,067513
96,67518 12,62735 61,95003
45,48137 12,129188 61,83255
60,563484 11,631026 61,71507
77,08502 11,132864 61,597588
58,074764 10,634702 61,480106
128,23587 10,187296 61,728695
53,478928 10,150132 61,21822
91,51036 9,638339 61,22414
75,206604 9,126546 61,230064
89,9034 8,881602 61,679474
75,48806 8,7644205 61,181244
61,17333 8,647239 60,68301
92,285484 9,048904 61,000237
104,36317 9,45057 61,31746
86,101715 9,852237 61,634686
78,569466 10,068091 61,1706
125,55581 9,951786 60,672165
115,00277 9,83548 60,173725
39,645386 9,719174 59,67529
104,67142 9,602868 59,17685
57,214264 9,486563 58,678413
123,04629 9,370256 58,179974
73,42956 9,253951 57,681538
118,755684 8,961802 58,101795
104,10415 8,669653 58,522053
93,31571 9,160947 58,378532
52,801857 9,652241 58,235016
89,30356 10,143536 58,0915
108,21318 10,6348295 57,94798
122,7693 11,126124 57,804462
96,04632 11,617418 57,660946
42,26329 12,108713 57,517426
109,346214 12,34583 57,06384
118,96461 12,719217 57,413906
106,646835 13,092606 57,763977
93,45863 13,465993 58,114048
116,16216 13,682335 58,577904
58,965767 13,445127 59,031445
75,32523 13,207918 59,48499
112,956055 12,970711 59,93853
96,149155 12,733502 60,39207
74,95222 12,496294 60,84561
59,073368 12,978342 61,017647
72,859116 13,460391 61,189686
82,72679 13,942439 61,36172
89,75338 14,424488 61,53376
105,1171 14,007415 61,830437
61,570694 13,844983 61,345066
50,516846 13,68255 60,8597
76,65533 13,520119 60,37433
64,69061 13,085884 60,645267
126,56122 12,6516485 60,916206
98,140335 12,902923 60,470303
115,48777 13,154197 60,0244
76,49036 12,643374 60,056465
126,330055 12,132552 60,08853
120,21493 12,52205 60,42058
98,467896 12,911549 60,752636
65,09633 12,57588 60,36625
57,632206 12,240212 59,979862
110,74103 12,293772 59,470844
109,48494 12,34733 58,961826
118,46264 12,400888 58,45281
127,14203 12,454448 57,94379
87,2208 12,272954 58,42236
128,76277 12,348591 57,916153
79,00437 12,424227 57,409943
75,63489 11,93799 57,56976
79,09306 11,451754 57,729576
91,137405 10,965516 57,889393
71,41709 10,636167 57,497604
128,56921 10,306817 57,10582
78,454414 10,739658 57,37898
46,100086 11,172499 57,652138
120,982346 11,60534 57,9253
120,415596 12,03818 58,19846
126,417496 12,471022 58,47162
43,38184 12,982849 58,471508
128,86786 12,578466 58,157753
102,22917 12,174084 57,843998
100,7454 11,769701 57,530243
107,79298 11,365318 57,216488
126,44897 10,960936 56,902733
95,562706 10,556554 56,588978
60,73181 11,050041 56,453194
120,99568 11,5435295 56,317413
127,615 12,037018 56,18163
45,770332 12,069341 55,670822
114,61317 12,101663 55,16002
92,615524 12,1339855 54,64921
62,140465 12,166308 54,138405
74,55154 14,346055 54,301918
50,811337 14,284959 54,810085
60,89426 14,223863 55,318256
103,183464 14,162766 55,826424
54,13774 14,10167 56,33459
71,13464 14,040574 56,84276
108,59076 13,646441 56,51622
56,766853 13,901661 56,959877
113,6006 14,15688 57,403534
73,84454 14,412099 57,847187
43,980877 14,667318 58,290844
90,16244 14,411314 58,734047
92,25818 14,896373 58,57069
94,856316 14,630335 59,007946
76,88704 14,364297 59,445198
109,29542 14,817332 59,683372
47,973583 14,638085 60,16279
80,12166 14,133555 60,07667
110,86415 13,6290245 59,99055
95,51654 13,359128 59,555668
48,665134 13,0892315 59,120785
89,61444 12,819335 58,6859
69,717155 13,19523 58,338524
76,27735 13,571124 57,99115
98,44597 13,947018 57,643772
105,37633 14,322912 57,296394
93,95329 14,36133 56,78601
67,266556 14,399749 56,275627
95,50854 14,438167 55,765244
125,48332 14,932992 55,634415
42,018703 14,486499 55,38419
112,373276 14,05313 55,11187
75,65305 13,545802 55,179585
112,9721 13,038473 55,2473
79,57614 12,531145 55,315014
41,42129 12,142853 54,981552
102,41816 11,75456 54,64809
84,02952 11,366268 54,31463
68,65176 10,87673 54,482883
50,852715 11,281301 54,16937
45,057873 11,517392 54,623493
99,10424 11,380655 54,13027
82,51964 10,411644 54,2665
113,54588 10,013 54,587513
74,73162 9,614355 54,908527
68,27997 9,505124 55,40856
112,72136 9,395894 55,9086
95,25763 9,286663 56,408634
88,35624 9,177433 56,908672
47,8725 9,068202 57,408707
85,42429 8,958972 57,908745
65,15763 8,849741 58,40878
80,297356 8,740511 58,908817
73,75062 8,63128 59,40885
100,74075 8,52205 59,90889
45,600002 8,223318 60,324493
49,60163 7,924586 60,740097
79,03735 8,399495 60,930958
113,88894 8,648963 61,377872
42,096485 8,898432 61,824787
116,739944 9,147901 62,271706
61,531513 8,813953 62,65958
83,9371 8,480006 63,047455
82,59595 7,9902015 62,89893
119,3086 8,305197 63,30235
105,3342 8,620192 63,705765
101,65918 8,183081 63,43949
90,03284 7,7459693 63,173218
56,331726 7,308858 62,906948
47,47175 6,8717465 62,640675
54,509945 6,9337826 62,132618
83,24348 6,92941 62,64443
98,424736 6,9250374 63,15624
96,55746 6,428049 63,033886
76,14861 6,8745356 63,28412
110,30657 7,3723564 63,403038
62,58361 7,8701777 63,521957
61,731102 8,367998 63,640877
40,69282 8,380272 63,129196
42,77432 8,885139 63,045074
77,33949 9,390007 62,960953
70,391464 8,939493 62,718044
79,08624 8,48898 62,475136
40,109543 8,038466 62,232224
113,40874 7,5879526 61,989315
119,48041 7,1374393 61,746407
114,15451 6,6869254 61,503498
97,05214 6,200608 61,663067
56,55247 5,7142897 61,822636
78,16416 5,2279716 61,982204
115,1448 4,741654 62,141773
85,06587 4,2313824 62,181652
86,24402 3,8220549 61,87438
73,76173 4,0961404 61,44212
94,7342 4,370226 61,009865
74,728195 4,6443114 60,57761
70,64356 4,918397 60,145355
73,98681 5,4291987 60,112965
95,127914 5,94 60,08057
75,16774 6,4508014 60,048176
91,92157 6,961603 60,015785
91,50498 7,4724045 59,98339
101,60314 7,9832063 59,951
126,35916 8,494007 59,918606
65,995995 8,701243 59,45061
43,267822 8,90848 58,982613
90,48604 8,970699 58,474583
90,41481 8,984777 57,962948
64,52827 8,998856 57,451313
116,958405 9,012934 56,93968
118,11057 9,027012 56,428047
100,88458 9,041091 55,916412
100,854515 9,055169 55,404778
93,38736 9,069247 54,893143
95,801384 9,476179 54,582703
109,63199 9,88311 54,27226
61,89371 10,690649 54,346146
113,554665 10,593252 54,84862
127,94538 11,104367 54,875614
69,19946 11,615482 54,902607
101,94797 12,126597 54,9296
124,1101 11,93564 54,45473
56,631947 10,463629 54,1785
104,72839 10,22024 54,628757
56,83752 10,68861 54,835144
45,386288 11,156981 55,041534
77,29829 11,625353 55,24792
64,30394 12,093724 55,454308
110,89023 12,562096 55,660698
89,978 12,0585165 55,56918
43,25366 11,554937 55,47766
128,49359 11,051358 55,386143
91,97974 10,547779 55,294624
66,953316 11,02421 55,481655
86,061226 10,945894 54,975857
115,86223 10,867578 54,470055
128,5854 10,368697 54,584446
109,57 10,629549 54,14408
118,74368 9,5813465 54,222904
77,312004 9,570392 54,734615
100,3355 10,01993 54,489906
81,09126 10,469468 54,245197
87,858505 11,986592 31,955812
127,51996 11,538333 31,708769
99,56349 11,039566 31,59388
128,36078 10,5408 31,478992
60,297436 10,042033 31,364103
88,20186 9,829796 31,829853
64,60287 13,281566 31,773851
106,58541 12,36309 31,98198
75,652214 11,663032 31,561201
68,98366 11,871522 31,093763
50,7444 12,080012 30,626324
77,196526 12,288502 30,158884
61,42595 11,834772 30,395731
122,52475 11,3810425 30,63258
100,66684 10,927313 30,869427
79,54106 11,023958 30,366806
118,46533 11,120603 29,864185
43,26035 11,594435 30,05771
57,057167 12,068266 30,251234
85,53155 12,542097 30,444757
106,33185 13,015928 30,63828
109,33152 12,928766 30,133928
56,227905 12,47496 30,37063
125,82607 12,742889 29,934532
120,1512 13,0108185 29,498434
68,53534 12,583484 29,780128
60,492752 12,156148 30,061823
65,06103 11,728812 30,343517
81,34176 12,090292 30,705872
77,74007 12,131227 31,216059
124,60641 12,528666 31,538565
60,545464 12,57177 31,028557
50,176537 12,614874 30,518547
65,77357 12,657978 30,008537
44,823917 12,701083 29,498528
64,044815 12,744187 28,98852
95,046715 12,775535 29,499386
99,3361 13,263688 29,653246
96,280014 13,7518425 29,807108
58,574272 13,328768 30,095161
55,121437 13,627446 30,510805
88,21115 13,94884 30,909143
94,66804 13,743415 31,377937
75,94507 13,53799 31,846731
97,7315 13,037552 31,739355
111,51044 12,537114 31,63198
69,96748 12,036675 31,524607
65,783394 11,536238 31,41723
57,535618 11,0358 31,309856
78,73868 10,535362 31,20248
103,64125 10,0349245 31,095106
72,320465 9,842792 30,620708
88,60241 9,724976 31,118792
56,879066 9,607159 31,616875
69,76397 12,449396 31,776262
86,18177 12,011009 31,512096
93,13561 11,572621 31,24793
45,70858 11,140478 31,522192
42,73556 10,708335 31,796453
116,42517 11,2036705 31,925333
110,51947 11,583979 31,582794
89,19592 11,964288 31,240255
55,46135 12,344596 30,897718
43,85201 12,338784 30,385923
109,18688 12,332973 29,874128
123,81152 12,357503 29,362888
88,63703 12,382034 28,85165
75,43662 12,406566 28,34041
49,674038 12,364828 27,830288
49,863754 12,32309 27,320164
123,71002 12,281352 26,810041
67,613014 12,792952 26,794765
114,78266 12,577157 27,258879
115,428314 12,40068 26,778437
96,012146 12,224203 26,297997
102,16729 12,047727 25,817554
104,939156 11,871249 25,337114
78,63841 11,694773 24,856674
95,31195 11,386425 25,265194
89,44441 11,078077 25,673716
76,39844 10,769729 26,082235
77,91049 10,461381 26,490755
123,415985 10,153033 26,899277
73,94908 9,644055 26,845343
51,376785 9,135077 26,791407
127,82224 8,6261 26,737473
53,55971 8,117122 26,683538
63,674725 7,608144 26,629602
96,447365 7,099166 26,575668
81,55507 6,6999454 26,25537
70,1692 6,3007255 25,935072
85,803444 5,9015055 25,614775
108,57763 6,272256 25,261911
46,573223 6,6430063 24,90905
111,58265 7,0137568 24,556189
72,67656 7,384507 24,203325
90,976654 6,9915457 23,87538
80,879845 6,48422 23,807646
82,12515 5,976894 23,739912
127,73369 5,469568 23,67218
75,217834 4,9622416 23,604446
125,98841 4,888631 23,09794
57,1788 4,81502 22,591433
91,97174 4,741409 22,084927
56,201927 4,252075 21,93486
105,65773 4,680246 21,654436
57,89595 5,108416 21,374012
85,410324 5,5365863 21,093588
125,24035 5,856808 21,492868
76,72738 6,17703 21,892149
75,213005 6,4972515 22,291431
60,364815 6,8174734 22,690712
52,24607 7,137695 23,089994
73,431915 7,475804 23,474247
74,946365 7,813913 23,858498
101,49721 8,152021 24,24275
87,28117 8,49013 24,627003
52,238605 8,828239 25,011255
59,94686 8,626673 25,481722
114,41194 8,254862 25,833466
121,711006 8,0202265 25,37859
117,907425 7,7855906 24,923712
126,443436 7,550955 24,468834
94,92169 7,316319 24,013956
57,414364 7,081683 23,559078
52,73568 6,847048 23,1042
39,39706 6,612412 22,649324
49,330338 6,471109 23,14126
75,387695 6,3298054 23,633196
82,67851 6,1885023 24,125132
87,58263 5,8869424 24,538689
92,06384 6,096051 24,071526
127,2616 6,1835923 23,56724
84,16916 6,271133 23,062954
105,37373 6,405904 23,556719
105,21743 6,5867486 23,077906
42,302216 6,767594 22,599092
96,89748 6,717556 22,089716
66,52781 6,6675186 21,58034
108,7251 6,958229 22,001595
108,697495 7,2489395 22,422848
79,24359 7,53965 22,844103
78,49462 7,21819 23,242388
109,89781 6,8967304 23,640673
100,611336 6,4891133 23,331133
42,496193 6,0814962 23,021591
91,25369 5,6738787 22,71205
98,36648 5,2662616 22,40251
54,34572 4,858644 22,092968
80,19517 4,451027 21,783428
103,0186 4,0434093 21,473886
72,07616 3,635792 21,164345
63,30534 3,2281747 20,854805
123,23448 2,7876694 20,594185
122,60616 2,3471642 20,333565
110,61949 1,9066589 20,072947
86,14964 1,4661536 19,812326
58,305733 1,0256482 19,551706
118,51191 0,61903465 19,240849
62,59896 0,9827391 18,880728
70,43777 1,3464435 18,520609
69,22419 1,710148 18,160488
70,66708 2,1567621 17,91048
89,28879 2,6033762 17,660475
43,292053 2,5303867 18,16707
66,915245 2,9467874 17,869452
43,927002 3,3631883 17,57183
70,19075 2,9906814 17,922838
108,23665 2,87464 18,421337
83,25904 2,7585983 18,919836
93,28869 2,6425567 19,418337
91,63441 2,5265152 19,916836
123,98361 2,0225208 20,006039
118,643875 1,5185262 20,09524
43,805305 2,0192971 19,98943
95,26616 2,5200682 19,88362
61,985973 3,020839 19,777807
85,20425 3,52161 19,671997
75,37859 4,022381 19,566187
85,67315 3,7785306 19,116182
86,92119 3,866209 18,61192
62,683685 3,9538877 18,107658
41,479954 3,4423 18,091993
118,18963 2,9307122 18,076328
101,84282 2,4191244 18,060663
50,00152 1,9075365 18,044998
127,164505 1,3959488 18,029333
79,3256 0,8843609 18,01367
98,62345 0,3727731 17,998005
57,548447 59,861187 17,98234
104,79556 59,349598 17,966675
60,945442 59,668312 18,36716
70,49648 59,987026 18,767647
61,267483 0,30574027 19,16813
107,091064 0,6931355 19,502634
111,65054 1,0805308 19,837137
125,4429 1,3247261 19,38732
90,104645 1,5689213 18,937502
69,147736 1,8131167 18,487684
51,637077 2,057312 18,037867
119,99924 2,3015072 17,588049
85,515045 2,5457025 17,138231
94,345924 2,033883 17,141104
109,48243 1,5220635 17,143978
49,485832 1,010244 17,14685
71,74474 0,49842447 17,149725
124,74692 59,987926 17,112833
97,55021 59,477432 17,075943
94,122215 58,966934 17,039051
46,675346 58,45644 17,00216
71,403755 57,945942 16,96527
118,8153 58,45432 17,024614
113,74093 58,93254 17,207016
44,957085 58,83059 17,708588
122,180466 58,728638 18,210157
124,30431 58,626686 18,71173
102,228935 58,524734 19,213299
127,524284 58,422783 19,71487
118,34518 58,32083 20,216442
66,16229 58,832233 20,237324
91,81732 58,97268 19,745142
84,34006 59,326496 20,11498
79,56353 59,68031 20,484821
49,025227 0,034127563 20,85466
41,900826 0,38794416 21,2245
119,36356 0,7417608 21,59434
84,091835 1,0955774 21,96418
48,19451 0,71042067 22,301258
40,125015 0,4162278 22,720087
44,707634 0,122034915 23,138916
40,97802 59,8929 22,681244
55,50144 59,663757 22,223574
65,80828 59,43462 21,765902
111,00278 59,205482 21,30823
127,10013 59,420746 20,843872
100,128944 58,922623 20,726233
126,787346 58,424496 20,608593
108,36321 58,861065 20,341433
116,21366 59,2783 20,637884
60,502113 59,269253 20,126137
43,1859 59,26021 19,614388
106,26331 59,4541 19,140709
122,682335 59,584724 18,64583
71,17093 59,71535 18,150951
104,00095 59,80452 18,654951
103,99787 0,120613106 19,057508
47,866024 0,43670556 19,460068
114,05456 0,752798 19,862625
42,45722 1,0688905 20,265182
59,452232 0,6528466 20,563303
54,96261 0,23680265 20,861422
90,14573 59,82076 21,15954
62,43332 0,063755706 21,610006
74,31574 0,13910814 21,103756
106,871376 0,0022140928 21,596937
82,40626 0,38080508 21,2525
76,97221 0,69596475 21,65579
87,274124 1,0111245 22,059078
108,1977 1,3262842 22,462368
86,99208 1,7928103 22,251842
109,888374 2,2593365 22,041317
