0
71,97914 43,792576 64,81289
74,68738 43,638306 65,15002
73,87126 43,48404 65,48715
64,80492 43,32977 65,82428
76,34435 43,1755 66,161415
101,303185 43,021233 66,49854
27,607262 42,680237 66,35302
89,39053 42,33924 66,20749
-4,0133724 41,998245 66,061966
32,261932 41,65725 65,91644
3,5558739 41,998577 65,771706
4,6853714 42,33991 65,62696
93,68691 42,681236 65,48222
77,07644 43,022568 65,33748
45,430664 43,3639 65,19274
22,653479 43,705227 65,048
49,924812 44,04656 64,90326
10,274394 44,387886 64,75852
96,94554 44,729218 64,61378
-0,38464203 45,07055 64,46904
102,50495 45,411877 64,324295
63,29692 45,75321 64,17956
102,9896 46,094536 64,03482
57,160736 46,435867 63,890076
34,388916 46,7772 63,74534
-3,776128 47,118526 63,600597
79,56001 47,459858 63,455856
7,1908174 47,801186 63,311115
81,6317 48,142517 63,166374
82,79913 48,48385 63,021637
12,964478 48,825176 62,876896
96,01389 49,166508 62,732155
30,454445 49,507835 62,587414
104,81527 49,849167 62,442673
11,380994 50,1905 62,29793
6,453918 50,531826 62,153194
32,988075 50,873158 62,008453
7,575927 51,214485 61,863712
0,5552581 51,0402 61,53648
103,25156 50,865913 61,20925
92,008316 50,691624 60,88202
96,597984 50,517338 60,55479
53,025303 50,82831 60,756664
61,461388 51,139282 60,958534
95,1637 51,450253 61,160408
82,79191 51,761223 61,36228
6,319861 52,072197 61,56415
5,25275 52,383167 61,766026
14,561821 52,694138 61,9679
65,041725 53,00511 62,169773
5,7657824 53,316082 62,371643
4,69562 53,627052 62,573517
-4,1025476 53,938026 62,77539
8,896602 54,248997 62,97726
89,002426 54,559967 63,179134
87,08772 54,87094 63,38101
-2,7314491 55,08705 63,68226
99,38873 55,30316 63,98351
1,0172949 55,519276 64,28476
92,232956 55,735386 64,586006
32,080875 55,9515 64,88726
68,84653 56,16761 65,18851
69,58195 56,38372 65,48976
46,848785 56,599834 65,79101
18,868708 56,815945 66,09226
105,44602 57,032055 66,39351
69,80839 56,713814 66,20331
59,88308 57,056564 66,34465
84,78789 57,399315 66,48599
36,21254 57,053974 66,3511
98,445496 56,708633 66,2162
0,2724272 56,85721 65,876526
108,10045 57,005783 65,53685
66,977036 57,154358 65,19717
84,9494 57,30293 64,85749
71,30684 57,451504 64,51781
58,82846 57,60008 64,17813
3,7642539 57,748653 63,83845
41,41592 57,897224 63,498775
98,40319 57,85242 63,13074
52,24847 57,807617 62,762707
83,87264 57,762814 62,394676
13,617311 57,718006 62,02664
105,13154 57,673203 61,658607
17,98362 57,355347 61,467762
66,240234 57,037487 61,276917
65,80624 57,129066 61,63618
51,671616 57,220642 61,99544
92,58682 57,31222 62,354706
12,447852 57,4038 62,713966
17,51022 57,49538 63,073227
48,59557 57,58696 63,43249
5,722019 57,67854 63,79175
31,89263 57,770115 64,15102
80,596924 57,861694 64,51028
100,50539 57,953274 64,86954
43,44693 57,83097 64,51954
107,54015 57,708668 64,16955
72,30388 57,58637 63,819546
28,41373 57,464066 63,46955
86,12919 57,341763 63,119553
81,837456 57,21946 62,769554
81,12579 57,097157 62,41956
96,93637 56,974854 62,06956
16,828714 56,852554 61,719563
33,202568 56,73025 61,369568
-0,007701375 56,60795 61,01957
10,117017 56,485645 60,66957
-6,393432 56,363342 60,319576
11,753079 56,69586 60,483543
-0,21262905 57,028385 60,647514
73,76162 57,360905 60,811485
55,74852 57,693424 60,975456
58,592457 57,407436 61,21139
-5,295063 57,121445 61,447327
87,09238 56,835457 61,683266
37,34026 56,54947 61,9192
43,11702 56,574856 62,28908
5,6238995 56,600243 62,658962
83,24047 56,62563 63,028843
79,24376 56,651016 63,398724
45,514168 56,676403 63,768604
49,650375 56,70179 64,13848
53,46167 56,727177 64,50836
61,857536 56,75256 64,87824
4,169743 56,922787 65,2076
91,55203 57,093014 65,536964
29,53512 57,26324 65,866325
27,161892 57,433468 66,19569
91,39451 57,603695 66,52505
34,137947 57,773922 66,85441
80,21092 57,944145 67,18377
40,902355 58,114372 67,51314
26,157608 58,2846 67,8425
35,483814 58,454826 68,17186
77,30232 58,625053 68,50122
69,79438 58,79528 68,83058
104,622696 58,965504 69,15994
46,062992 59,13573 69,4893
83,59214 59,4144 69,24476
38,381268 59,424004 69,61539
75,106964 59,43361 69,98601
48,1796 59,443214 70,356636
106,53473 59,45282 70,727264
74,5628 59,21999 70,438736
-0,9181952 58,98716 70,150215
54,98189 58,75433 69,861694
39,738773 58,5215 69,573166
92,93617 58,28867 69,284645
55,972267 58,05584 68,99612
-2,4474785 57,82301 68,707596
47,96761 57,585857 68,99258
44,580463 57,348705 69,27756
59,899315 57,111553 69,562546
83,32613 56,8744 69,84753
78,13789 56,63725 70,13251
78,017365 56,400097 70,41749
68,079605 56,162945 70,70247
51,48106 55,925793 70,98746
55,681046 55,68864 71,27244
30,659388 55,45149 71,55742
94,824425 55,235065 71,858444
22,102503 55,01864 72,15947
35,8618 54,80221 72,460495
33,188255 54,585785 72,76151
76,00947 54,369358 73,06254
15,327192 54,711975 72,920876
85,96959 55,054592 72,77921
43,569653 55,39721 72,63754
67,72589 55,73983 72,49588
16,805815 56,082447 72,35422
103,73347 56,425064 72,21255
6,9561396 56,76768 72,070885
-6,6932306 57,110302 71,92922
27,22129 57,45292 71,78756
108,07821 57,795536 71,64589
97,19212 58,138153 71,50423
84,12721 58,48077 71,362564
81,04503 58,76691 71,12681
80,299095 59,053047 70,89105
86,48403 59,339184 70,65529
98,96542 59,62532 70,41953
78,16853 59,911457 70,18378
36,488464 0,19759622 69,94802
22,80687 0,48373365 69,712265
53,2043 0,18617694 69,93343
74,52547 59,88862 70,1546
65,90689 59,591064 70,37577
64,87844 59,293507 70,59694
81,20235 58,99595 70,818115
50,639412 58,698395 71,03928
17,197071 58,400837 71,26045
-0,13993219 58,10328 71,48162
5,0711646 57,73567 71,52975
-3,1804407 57,368053 71,57787
99,773506 57,00044 71,62601
85,70436 56,632828 71,67413
14,435511 56,265213 71,72226
15,811441 55,945126 71,90935
67,111115 55,62504 72,09643
22,69171 55,304955 72,283516
87,66573 54,984867 72,4706
92,951706 54,66478 72,657684
54,50125 54,344692 72,844765
71,96758 54,024605 73,031845
87,85824 53,704517 73,21893
101,069374 53,384434 73,40601
100,82268 53,071438 73,604744
21,637602 52,758446 73,80347
85,9509 52,95594 73,48969
78,66497 53,15343 73,17592
55,253754 53,350925 72,86215
28,123228 53,566635 73,16369
78,0269 53,782345 73,465225
26,632166 54,13752 73,35889
7,9942403 54,49269 73,25255
8,432055 54,649166 73,58866
93,820305 54,80564 73,924774
-6,017732 54,962116 74,26089
50,71243 55,118587 74,597
55,98446 55,275063 74,93311
24,726976 55,431538 75,269226
8,949688 55,588013 75,60534
-4,4128313 55,722355 75,95089
48,342014 55,656784 76,315796
65,32548 55,591213 76,6807
68,39401 55,525642 77,04561
-6,017255 55,460075 77,410515
21,433447 55,394505 77,77542
12,727525 55,328934 78,14033
102,026855 55,263363 78,50523
47,754097 55,197792 78,87014
32,969875 55,13222 79,23505
16,760706 55,06665 79,59995
75,110466 55,00108 79,96486
77,69515 54,93551 0,3297621
5,9717855 55,290096 0,4380414
86,893265 55,644684 0,5463207
71,545006 55,999268 0,65459996
24,295538 56,353855 0,76287925
57,107925 56,708443 0,87115854
31,341137 57,063026 0,9794378
-1,5766945 57,417614 1,087717
-5,369223 57,7722 1,1959964
81,54707 58,12679 1,3042756
10,418373 58,481373 1,412555
-1,8294204 58,83596 1,5208342
96,66373 59,190548 1,6291136
86,563065 59,54513 1,7373928
92,97176 59,89972 1,8456721
5,7520986 0,25430554 1,9539514
98,37572 59,99607 1,687925
106,80277 59,737835 1,4218985
77,3289 59,4796 1,1558721
9,378326 59,221363 0,8898456
25,184576 59,53022 1,0949391
21,264523 59,839077 1,3000325
43,21798 0,14793225 1,5051259
45,36619 0,45678914 1,7102194
1,8410213 0,76564604 1,9153128
19,250296 0,933182 2,2460508
77,94174 1,100718 2,5767887
52,028152 1,268254 2,9075267
83,60826 1,4357901 3,2382646
85,32834 1,603326 3,5690026
26,199266 1,770862 3,8997405
95,26845 1,938398 4,2304783
56,434036 2,105934 4,5612164
72,57911 2,27347 4,8919544
-2,2789257 2,441006 5,222692
91,44667 2,608542 5,55343
108,32337 2,776078 5,884168
57,714428 2,943614 6,214906
86,17544 2,786121 5,8792696
2,014529 2,6286278 5,543633
29,270935 2,5563612 5,179994
16,170504 2,4840946 4,8163548
36,55916 2,4118283 4,452716
96,10271 2,3395617 4,0890765
-6,1241603 2,2672951 3,7254374
-2,9944441 2,1950285 3,3617983
24,32282 2,122762 2,998159
42,92776 2,0504956 2,6345198
36,87353 1,978229 2,2708807
20,459358 1,9059625 1,9072415
26,096176 1,8336959 1,5436023
64,26934 1,7614294 1,1799631
16,77532 1,6891629 0,816324
43,458244 1,6168964 0,45268482
78,81855 1,5446298 0,089045644
84,57155 1,4723634 79,7254
102,19842 1,4000968 79,36177
101,10933 1,1324191 79,10524
36,772263 0,8647413 78,84872
21,029175 0,5970636 78,59219
19,021753 0,3293859 78,33567
87,4009 0,48000154 78,67445
36,86165 0,6306172 79,01323
49,876507 0,78123283 79,352005
91,70915 0,93184847 79,69079
43,531303 1,0824641 0,029563654
2,5462332 1,2330798 0,36834207
100,19303 1,3836954 0,70712054
100,54992 1,534311 1,0458989
38,917828 1,6849267 1,3846774
6,4348326 1,8355423 1,7234558
-6,496357 1,986158 2,0622342
54,25087 2,1367736 2,4010127
-6,1212006 2,2873893 2,7397912
81,444824 2,438005 3,0785694
48,663834 2,5886207 3,417348
41,807835 2,739236 3,7561264
8,742564 2,8898518 4,094905
29,24895 3,0404675 4,4336834
107,554016 3,1910832 4,772462
43,27681 3,341699 5,11124
103,60636 2,975917 5,171735
81,875336 2,6101353 5,2322297
-0,92627543 2,3547308 4,963484
64,46983 2,0993264 4,694738
75,06653 1,8439218 4,4259915
104,002174 1,5885172 4,1572456
7,7667885 1,3331127 3,8884997
55,793167 1,0777082 3,6197536
78,55253 0,8223037 3,3510075
-5,0183783 0,5668992 3,0822616
108,21377 0,31149465 2,8135154
35,011654 0,056090124 2,5447695
37,962765 59,800686 2,2760234
87,121956 59,54528 2,0072775
54,042233 59,289875 1,7385314
42,574936 59,034473 1,4697853
73,88572 58,779068 1,2010393
1,3299215 58,523663 0,9322933
94,38188 58,268257 0,6635473
8,679694 58,012856 0,39480126
1,3869125 57,75745 0,12605523
74,28953 57,502045 79,85731
-4,9724083 57,24664 79,58856
-3,304139 56,991238 79,31982
64,26031 56,735832 79,05107
66,8567 56,97015 79,33839
59,181435 57,204468 79,6257
27,601606 57,405365 79,3141
87,08206 57,606262 79,002495
54,078762 57,807156 78,690895
11,339149 58,008053 78,379295
51,829975 58,20895 78,06769
-6,1649055 58,409847 77,75609
60,02925 58,610744 77,44448
12,464884 58,81164 77,13288
94,76028 59,179142 77,08391
88,43894 59,546642 77,034935
64,0809 59,914146 76,985954
4,198859 0,28164673 76,93698
79,606674 0,6491483 76,88801
27,328205 1,0166498 76,839035
-0,47890922 1,3841515 76,79006
31,321575 1,7516531 76,74109
24,084766 2,1191547 76,69211
37,462635 2,4866562 76,643135
95,68397 2,854158 76,59416
1,9514027 3,2216594 76,54519
52,98983 3,589161 76,496216
71,81297 3,9566627 76,44724
51,775475 4,3241644 76,39827
62,09757 4,6916656 76,34929
-4,0593 5,0591674 76,300316
78,109 5,426669 76,25134
-3,9982157 5,060931 76,19058
-3,1306946 4,7006907 76,102936
44,56636 4,5038657 75,78874
78,33318 4,30704 75,47455
70,72054 4,110215 75,16036
82,21807 3,91339 74,84617
87,61509 3,7165647 74,53198
13,795036 3,5197394 74,21779
8,016605 3,3229141 73,903595
59,701504 3,126089 73,58941
15,599215 3,4357572 73,385544
29,921741 3,1788216 73,652824
101,85691 2,921886 73,920105
30,608751 2,6649504 74,187386
9,187939 2,4080148 74,45467
103,98214 2,4049628 74,08393
89,91085 2,0985417 73,87522
92,41377 2,1733868 73,5121
63,011074 2,2482321 73,14899
10,475942 2,5714104 72,96729
69,80954 2,8945887 72,7856
31,577984 3,217767 72,60391
17,828968 3,5409453 72,42222
101,08596 3,8641236 72,240524
86,35743 4,1873016 72,05884
5,809059 4,51048 71,877144
72,58895 4,833658 71,69546
61,459644 4,932969 72,05266
91,41471 5,03228 72,40986
45,24739 5,1315904 72,76706
6,92312 5,2309012 73,12426
66,84732 5,330212 73,48147
6,170563 5,6999974 73,454735
79,58419 6,0697827 73,428
96,47956 6,4395685 73,40127
-4,809005 6,809354 73,374535
53,969654 7,179139 73,3478
51,16404 7,5489244 73,32107
14,773408 7,91871 73,294334
36,433327 8,288495 73,2676
83,37419 8,658281 73,24087
3,4119775 9,028067 73,214134
40,234528 8,971651 72,8477
104,30904 8,9152355 72,48127
29,222101 8,560067 72,374916
75,25765 8,2049 72,268555
102,81906 7,849732 72,1622
31,910341 7,494564 72,05585
25,716106 7,139396 71,949486
105,42286 6,784229 71,84313
72,358665 6,429061 71,73678
74,43016 6,1205645 71,94241
53,23729 5,8120685 72,14805
58,39505 5,503572 72,35368
18,82786 5,195076 72,55932
66,49504 4,88658 72,76495
106,27968 4,5780835 72,97059
39,792282 4,2695875 73,17622
79,36178 4,1916285 73,53869
60,445526 4,1136694 73,901146
55,646854 4,0357103 74,26361
83,04723 3,9577518 74,62607
2,9026897 3,5914032 74,68303
87,83639 3,225055 74,74
33,53484 2,8587065 74,79696
83,682915 2,6861935 74,46879
17,179554 2,5136802 74,14062
63,206387 2,3411672 73,81245
25,292206 2,168654 73,48428
56,404613 1,996141 73,15611
45,98472 1,8236278 72,82794
76,69616 1,6511147 72,49977
93,06041 1,6636105 72,870316
83,86172 1,6761062 73,24085
3,6279318 1,6886021 73,61139
84,8172 1,7010978 73,98193
91,67194 1,7135936 74,35247
38,199306 1,7260895 74,723015
105,09898 1,7385852 75,09355
68,27534 1,751081 75,46409
3,094992 1,7635769 75,83463
99,41128 1,7760726 76,20517
38,26467 1,7133272 75,83977
42,36868 1,6505818 75,474365
72,26833 2,0207663 75,49485
99,38083 2,3909507 75,51533
32,389446 2,7611349 75,535805
98,7658 3,1313193 75,55629
70,75691 3,5015037 75,57677
86,86976 3,8716881 75,597244
27,761024 3,5495746 75,41367
59,81611 3,227461 75,2301
83,20768 2,9053478 75,04653
96,19101 2,5832343 74,86295
98,72255 2,2611208 74,67938
84,140205 1,9390074 74,49581
-1,1775141 1,616894 74,31224
14,129057 1,2947806 74,12867
31,549408 1,6045036 73,92488
74,92949 1,9142265 73,7211
76,49827 1,8723489 73,35272
0,7984168 1,8304712 72,984344
104,68333 2,137743 72,776886
57,72054 2,4450147 72,56943
51,456207 2,7522864 72,36196
3,06233 2,7853336 71,99269
28,320156 2,818381 71,62341
5,129122 2,8514283 71,25414
76,47507 2,8844757 70,884865
98,4625 2,917523 70,51559
75,48515 2,95057 70,14632
74,744446 2,9836175 69,77704
43,222168 3,0166647 69,40777
61,419926 3,049712 69,03849
102,62596 3,0827594 68,66922
101,22978 3,1158066 68,29994
-1,1390995 3,148854 67,930664
11,587312 3,1819012 67,56139
89,06407 3,2149484 67,192116
67,24538 3,2479959 66,822845
53,13437 2,9806316 67,0797
87,95508 2,7132676 67,33655
92,511284 2,4459033 67,5934
99,599525 2,1785393 67,85024
29,928465 1,911175 68,10709
61,744366 1,5502977 68,0221
54,37572 1,1894205 67,93712
34,09186 0,82854325 67,85213
-6,552245 0,46766597 67,767136
81,47351 0,10678868 67,682144
103,41983 59,74591 67,59715
57,94323 59,385033 67,51216
34,39571 59,02416 67,42717
23,574394 58,66328 67,34218
41,900097 58,302402 67,25719
72,65249 57,941525 67,172195
53,86713 57,57265 67,13495
58,808887 57,203777 67,097694
82,218925 56,8349 67,06045
93,256516 56,466026 67,0232
11,562717 56,097153 66,985954
6,6131954 55,72828 66,9487
55,468594 55,3594 66,91145
79,134186 54,99053 66,87421
76,897285 54,621655 66,83696
105,300125 54,25278 66,799706
62,99696 53,883904 66,76246
55,50442 53,51503 66,72521
67,763794 53,793106 66,97043
75,91687 54,071182 67,21564
100,81563 54,173775 67,571915
103,51607 54,27637 67,928185
-6,298079 54,378963 68,284454
79,01838 54,48156 68,64073
27,871395 54,79114 68,84473
97,81011 55,100723 69,04873
69,072 55,410305 69,25272
61,635105 55,781036 69,24914
78,82914 56,15177 69,24556
68,26749 56,522503 69,241974
54,002823 56,893234 69,238396
34,511845 57,26397 69,23481
59,943745 57,6347 69,231224
30,250933 58,005436 69,227646
80,0998 58,376167 69,22406
72,22107 58,746902 69,22048
-0,7183787 59,117634 69,216896
4,4683585 59,48837 69,21331
62,966988 59,8591 69,20973
6,3599634 59,512978 69,07686
20,495667 59,28583 69,36988
93,68902 59,058685 69,662895
14,26657 59,14734 69,3029
28,068241 59,235992 68,94291
73,5752 59,324646 68,58291
38,1623 59,413296 68,222916
87,2404 59,50195 67,86292
-5,438889 59,590603 67,50293
19,374794 59,679256 67,14293
76,77844 59,767906 66,782936
18,781307 59,85656 66,42294
43,739605 59,945213 66,06294
28,237524 0,033865243 65,70295
105,05592 0,122517794 65,34296
67,43488 0,21117035 64,982956
88,38075 0,2998229 64,62296
78,03502 0,38847545 64,26297
85,489235 0,477128 63,902973
20,92142 0,5657806 63,542976
3,6824462 0,65443313 63,182983
95,33292 0,7430857 62,822987
54,874077 0,83173823 62,462994
46,22154 0,9203908 62,102997
23,94609 1,0090433 61,743
40,934444 1,0976958 61,383007
59,459766 1,1863484 61,02301
26,018536 1,2750009 60,663017
103,60478 1,3636535 60,30302
16,619911 1,452306 59,943024
44,687866 1,5409586 59,58303
-3,2574162 1,6296111 59,223034
48,59185 1,9795572 59,34548
37,914303 2,3295033 59,46793
29,58441 2,6794493 59,59038
44,553818 3,0293953 59,71283
80,28851 3,3793414 59,835278
98,06837 3,7292874 59,957726
46,794647 4,079233 60,080173
15,562755 4,429179 60,202625
6,6897964 4,779125 60,325073
35,974205 5,129071 60,44752
6,85159 5,4790173 60,56997
-0,7508216 5,8289633 60,692417
51,788555 6,1789093 60,81487
67,68773 6,5450416 60,873203
104,417404 6,911174 60,93154
21,361359 7,2773056 60,989876
95,11549 7,643438 61,048214
58,757904 8,00957 61,106552
11,976516 8,375702 61,164886
35,477863 8,741835 61,223225
18,170631 9,107966 61,281563
13,054877 9,474098 61,339897
19,440613 9,840231 61,398235
15,727473 10,206363 61,45657
72,12307 10,5724945 61,514908
20,253979 10,904355 61,68021
93,71686 11,236215 61,845512
49,2345 11,568075 62,010815
63,937466 11,899935 62,176117
43,891514 12,231795 62,34142
39,22713 12,563655 62,50672
101,51776 12,895515 62,672024
-1,4904141 13,227375 62,837326
74,46016 13,597411 62,860332
42,4135 13,967447 62,88334
25,46502 14,337483 62,906345
-6,0372667 14,707519 62,92935
-4,7800336 15,077555 62,95236
9,366145 14,752249 62,774506
78,46298 14,426943 62,596653
8,876191 14,072756 62,487072
77,45339 13,71857 62,37749
38,394688 13,364383 62,26791
97,431656 13,553414 61,94897
104,12609 13,742446 61,63003
16,973412 13,931478 61,31109
95,63772 14,120509 60,99215
39,249813 14,309541 60,67321
93,951836 14,498571 60,354267
27,916801 14,687603 60,035328
53,89337 14,876635 59,71639
97,498024 15,065666 59,397446
12,608592 15,254698 59,078506
67,07357 15,443729 58,759567
16,866793 15,356069 59,119804
93,93558 15,268408 59,48004
66,888626 15,140423 59,132084
47,431187 15,012437 58,784126
26,256218 14,884451 58,436165
-2,987535 14,756466 58,088207
6,015543 14,62848 57,740246
2,1623704 14,500495 57,39229
33,226303 14,372509 57,04433
54,676853 14,244523 56,69637
40,78366 14,116538 56,34841
20,288465 13,988552 56,00045
25,193913 14,35358 56,065342
59,759403 14,718608 56,13023
12,37231 15,083635 56,195118
1,392019 15,448664 56,260006
90,76178 15,813691 56,324898
60,926506 16,178719 56,389786
34,872066 16,543747 56,454674
17,135582 16,908775 56,519566
58,875507 17,273802 56,584454
9,061647 17,63883 56,64934
27,72189 18,003859 56,71423
18,969122 18,368885 56,77912
106,742546 18,733913 56,84401
33,891376 19,098942 56,908897
12,6671295 19,46397 56,97379
67,10275 19,828997 57,038677
108,03529 20,194025 57,103565
50,47993 20,559053 57,168453
73,93343 20,92408 57,233345
66,86948 21,289108 57,298233
40,66648 21,654137 57,36312
-0,0057815043 21,902233 57,087616
103,14798 21,638153 56,82739
93,19413 21,374073 56,567165
26,315914 21,109993 56,30694
46,329735 20,845913 56,04671
5,9363875 21,182045 56,203144
68,35126 20,827427 56,311317
93,57818 20,472809 56,419495
30,09112 20,11819 56,527668
32,251926 19,763573 56,63584
24,685389 19,408953 56,74402
52,243217 19,054335 56,852192
74,82632 18,699717 56,960365
44,168022 18,345098 57,068542
106,65132 17,99048 57,176716
26,994955 17,635862 57,284893
61,38165 17,281244 57,393066
37,53257 16,926626 57,50124
18,21242 16,572008 57,609417
60,13542 16,217388 57,71759
55,96116 15,862771 57,825764
1,4506875 15,508153 57,93394
57,167274 15,153534 58,042114
48,75136 14,798916 58,150288
-6,137019 14,444298 58,258465
39,17714 14,08968 58,36664
44,1663 13,735061 58,47481
97,372574 13,380443 58,58299
58,47054 13,025825 58,691162
36,59244 12,671206 58,79934
0,37908557 12,316588 58,907513
98,37133 11,961969 59,015686
105,96355 11,607351 59,123863
100,4725 11,252733 59,232037
60,45414 10,898115 59,34021
15,658341 10,543497 59,448387
22,458214 10,188878 59,55656
25,008501 9,83426 59,664734
21,555916 9,479642 59,77291
67,85141 9,125024 59,881084
13,504932 8,781956 60,021656
-3,1786337 9,024753 59,741467
35,945885 9,2675495 59,46128
97,47391 9,510347 59,18109
54,173897 9,753144 58,9009
92,67123 9,995942 58,620716
65,48235 10,238739 58,340527
23,468367 10,481536 58,060337
10,697077 10,593489 57,706894
107,90491 10,7054405 57,35345
51,569027 10,817392 57,000008
90,42121 10,929345 56,646564
65,084595 11,041297 56,293118
45,357727 11,230084 56,612206
20,56709 11,418872 56,93129
39,148445 11,607659 57,250374
73,744705 11,796447 57,569458
93,114746 11,549094 57,293285
16,18516 11,301742 57,01711
39,88328 11,05439 56,740932
-6,4018445 10,807037 56,46476
23,891848 10,559686 56,188583
39,301994 10,93014 56,203407
10,5854 11,300593 56,218227
62,070866 11,671047 56,23305
36,62967 12,041501 56,247875
83,15467 12,411955 56,2627
-3,7758083 12,78241 56,277523
66,66818 13,1528635 56,292347
21,960045 13,523317 56,307167
64,184654 13,893771 56,32199
5,638273 14,264225 56,336815
98,326904 14,634679 56,35164
-3,0031695 15,005134 56,366463
73,80243 15,375587 56,381287
18,534407 15,746041 56,396107
72,011185 16,116495 56,41093
19,137896 16,48695 56,425755
5,9375105 16,857403 56,44058
61,78231 17,227858 56,455402
73,66389 17,59831 56,470222
72,47612 17,968765 56,485046
104,19442 17,61727 56,36712
63,377872 17,265774 56,24919
11,2850275 17,339952 55,88594
90,06727 17,414131 55,522686
59,251423 17,48831 55,15943
43,536865 17,562487 54,796177
28,462921 17,916897 54,68732
38,621002 18,271305 54,57846
-1,602572 18,625715 54,469604
5,0677567 18,980124 54,360744
86,21715 19,334534 54,25189
83,42833 19,688942 54,143032
30,789133 22,878626 53,16331
84,52207 23,233034 53,05445
89,9922 23,587444 52,945595
103,71249 23,941853 52,83674
54,22759 24,296263 52,72788
19,446682 24,650671 52,619022
54,467022 25,005081 52,510162
77,78285 25,35949 52,401306
3,226595 25,7139 52,29245
33,75758 26,068308 52,18359
-2,7821107 26,422718 52,074734
93,52768 26,777126 51,965874
47,15371 27,131536 51,857018
3,8128548 27,485945 51,74816
-5,3926644 27,840355 51,6393
100,60721 28,194763 51,530445
47,651672 28,549173 51,421585
13,459413 28,903582 51,31273
95,852844 29,257992 51,203873
94,419754 29,6124 51,095013
45,286476 29,96681 50,986156
108,653076 30,321218 50,877296
-3,8100257 30,675629 50,76844
27,021332 31,030037 50,659584
57,057667 31,384447 50,550724
5,9323773 31,738855 50,441868
102,13878 32,093266 50,333008
25,572353 32,447674 50,22415
65,23518 32,802082 50,115295
104,070076 33,156494 50,006435
36,476574 33,510902 49,89758
89,24139 33,86531 49,78872
68,1356 34,21972 49,679863
98,96835 34,57413 49,571007
7,713711 34,92854 49,462147
80,111244 35,282948 49,35329
92,303345 35,637356 49,24443
71,176 35,991768 49,135574
-4,7349367 36,346176 49,02672
44,604397 36,700584 48,91786
94,41552 37,054993 48,809002
95,646385 36,70773 48,679146
61,48237 36,360462 48,54929
-0,21461274 36,013195 48,419437
10,387804 35,66593 48,28958
24,530598 35,318665 48,159725
25,267271 34,952286 48,10296
28,384293 34,585907 48,046196
68,24163 34,21953 47,98943
13,52029 33,85315 47,932663
44,63615 33,48677 47,875896
20,691784 33,12039 47,819134
97,650154 32,754013 47,762367
51,25666 32,387634 47,7056
64,72966 32,021255 47,648834
16,52053 31,654875 47,59207
59,201023 31,288496 47,535305
91,86321 30,922117 47,47854
90,90876 30,555738 47,421772
65,39434 30,18936 47,36501
5,870549 29,82298 47,308243
-6,399673 29,4566 47,251476
90,060715 29,090221 47,19471
4,9215093 29,36832 46,949524
25,579512 29,646418 46,704334
95,28405 29,924517 46,459145
88,30188 30,202614 46,21396
-2,2508981 30,480713 45,96877
95,75689 30,347645 45,622723
91,30071 30,214577 45,276672
70,042946 30,081509 44,930626
50,967087 29,94844 44,58458
97,11606 29,815374 44,238533
38,24535 29,682306 43,892483
30,763597 29,549238 43,546436
94,4186 29,845156 43,32308
97,38324 30,141073 43,09972
37,17519 30,436989 42,87636
30,57637 30,732906 42,653004
7,302739 31,028824 42,429646
44,584286 31,324741 42,206287
-6,6997457 31,620657 41,98293
97,76865 31,916574 41,75957
19,349543 32,212494 41,53621
27,571194 32,508408 41,31285
84,5313 32,804325 41,089493
33,495228 33,171543 41,03844
32,651417 33,109562 41,403973
-3,883083 33,047577 41,769505
28,45584 32,98559 42,135036
9,897289 32,923607 42,50057
76,225334 32,86162 42,8661
72,96038 32,79964 43,231632
60,310127 32,737656 43,597168
56,435024 32,67567 43,9627
44,886425 32,613686 44,32823
103,67438 32,5517 44,693764
14,39257 32,48972 45,059296
67,638885 32,55267 45,424664
30,88818 32,615623 45,790028
86,88075 32,678577 46,155396
55,455685 32,75094 46,519016
22,1186 32,38253 46,477398
49,760452 32,014122 46,43578
104,82229 31,645716 46,394165
3,404538 31,27731 46,352547
24,577545 30,908901 46,31093
98,830696 30,540495 46,26931
48,705124 30,172087 46,22769
9,110287 29,80368 46,186077
103,21583 29,435274 46,14446
90,66821 29,066866 46,10284
36,715046 28,69846 46,061222
70,51396 28,498253 45,749176
10,645783 28,298048 45,43713
108,38908 27,93192 45,49549
2,2320518 27,565792 45,553852
47,48347 27,86816 45,33931
42,668125 28,17053 45,124767
67,983315 28,472898 44,91022
53,20822 28,775269 44,69568
5,3083773 29,051706 44,942738
34,011505 29,328144 45,189796
21,231602 29,532589 44,88051
14,584509 29,737034 44,57122
38,79804 29,785393 44,938805
96,715034 29,833752 45,30639
102,815834 29,882113 45,67397
4,2186756 29,930471 46,041553
27,210474 29,97883 46,409138
73,44534 30,027191 46,77672
20,406181 30,07555 47,144302
47,01939 30,123909 47,511887
74,85075 30,17227 47,879467
3,5383368 30,220629 48,24705
-2,7396014 30,268988 48,614635
38,057343 30,317348 48,982216
5,195404 30,365707 49,3498
100,38904 30,398052 49,71914
33,7254 30,430399 50,088474
83,96376 30,725752 49,86437
50,370094 30,592863 49,518253
3,2301912 30,459974 49,17214
46,852394 30,327085 48,82602
105,485 30,194197 48,479904
92,755196 30,061308 48,13379
33,32289 29,92842 47,78767
47,853954 29,795532 47,441555
45,883354 29,662643 47,09544
57,286224 29,529755 46,74932
47,648 29,811193 46,507977
48,948135 30,092634 46,266632
95,319954 30,374073 46,025284
-0,014277121 30,655512 45,78394
71,54874 30,936953 45,542595
52,614357 31,218391 45,30125
96,32802 31,499832 45,059902
53,279087 31,781271 44,818558
22,234743 32,06271 44,577213
94,54742 32,34415 44,335865
49,89333 32,62559 44,09452
92,086494 32,90703 43,853176
102,83468 33,18847 43,61183
18,523884 33,46991 43,370483
85,76677 33,751347 43,12914
13,13827 34,032787 42,887794
12,200495 34,261494 43,179596
103,99844 34,4902 43,4714
13,921435 34,718906 43,763206
78,23164 35,072067 43,87604
102,78765 35,425232 43,988876
79,74168 35,778393 44,10171
32,493076 36,131557 44,214546
23,00537 36,484722 44,32738
102,49503 36,837883 44,440216
66,70079 37,191048 44,55305
-0,61569667 37,138046 44,186108
17,611044 37,085045 43,819164
13,740927 37,032043 43,45222
70,90496 36,979042 43,08528
37,430313 36,92604 42,718338
28,516293 36,87304 42,351395
81,12323 37,215458 42,493546
103,68035 37,557873 42,635696
46,761944 37,90029 42,777843
21,079496 38,242706 42,919994
-0,5051223 38,585125 43,062145
62,11926 38,92754 43,204296
81,28191 38,556805 43,207394
26,947308 38,186066 43,210495
34,28742 37,81533 43,213596
77,7944 37,44459 43,216694
18,86408 37,073853 43,219795
76,673065 36,703117 43,222897
49,86023 36,33238 43,225994
76,76335 35,961643 43,229095
91,708145 35,590904 43,232197
97,22273 35,220165 43,2353
-2,1395736 34,84943 43,238396
31,218296 34,481308 43,19431
102,77009 34,11319 43,15022
55,105053 33,74507 43,10613
3,0650988 33,37695 43,062042
31,22472 33,00883 43,017952
23,779469 32,640713 42,973866
14,16618 32,968857 43,146427
18,24805 33,296997 43,318985
33,629826 33,62514 43,491547
2,0338392 33,953285 43,66411
35,153767 34,28143 43,83667
7,5376043 34,609573 44,00923
25,971079 34,937717 44,181793
95,054985 35,26586 44,354355
41,2471 34,920807 44,489975
51,569096 34,564377 44,592022
25,445915 34,207947 44,694073
14,098514 33,851517 44,79612
13,403303 33,495087 44,898167
19,097343 33,79665 45,113842
55,18385 34,098213 45,329517
9,191636 34,399776 45,545193
80,92188 34,70134 45,760868
97,313385 35,0029 45,976543
36,650364 35,304462 46,19222
22,297853 35,606026 46,407894
19,1164 35,90759 46,62357
59,893986 36,209152 46,839245
83,36736 36,510715 47,05492
88,16652 36,812275 47,270596
20,205574 37,11384 47,48627
38,218895 37,4154 47,701946
76,69046 37,716965 47,91762
47,98087 38,018528 48,1333
52,852005 38,122826 48,489075
6,868364 38,227127 48,844852
7,0234632 38,331425 49,20063
106,37362 38,435726 49,556408
29,62394 38,540028 49,912186
34,033714 38,644325 50,267963
55,342598 38,748627 50,62374
-0,30753812 38,852924 50,979515
54,51495 38,957226 51,335293
23,912237 39,061527 51,69107
-6,657846 39,165825 52,04685
43,87862 39,270126 52,402626
81,26236 39,374424 52,758404
4,883929 39,478725 53,11418
67,59219 39,583027 53,469955
77,741196 39,687325 53,825733
