0
46,31468 18,44185 66,26546
104,40576 17,936066 65,42993
95,86094 17,430279 64,59441
57,583317 16,924494 63,758892
84,77609 16,418709 62,92337
60,84934 15,912922 62,08785
41,223545 15,407137 61,252327
37,431866 14,901351 60,416805
49,921432 13,930007 60,314796
50,729965 12,958663 60,212788
50,850403 11,98732 60,110775
46,873714 11,015976 60,008766
54,723763 10,044632 59,906754
43,168316 9,073289 59,804745
45,526215 8,101945 59,702736
91,49438 7,130601 59,600723
48,304802 6,1592574 59,498714
101,039825 5,187914 59,3967
86,84889 4,21657 59,294693
89,043 3,2452264 59,19268
46,391354 4,104535 59,656906
95,64849 4,9638433 60,121128
86,2304 5,823152 60,585354
35,691826 6,682461 61,049576
99,63535 7,541769 61,513798
91,83129 8,401077 61,978024
97,960045 9,260386 62,442245
92,97248 10,119695 62,90647
34,875244 10,979003 63,370693
76,919334 11,838312 63,83492
95,29394 12,69762 64,29914
74,47047 13,556929 64,76337
70,83184 14,416238 65,227585
44,975937 15,275546 65,69181
79,75044 16,134855 66,15604
46,40904 16,994164 66,62026
85,22616 17,853472 67,08448
41,317078 18,71278 67,548706
70,871796 19,572088 68,01293
98,492226 20,431398 68,47715
43,55709 21,290707 68,941376
54,114845 22,150015 69,4056
95,238525 23,009323 69,86983
78,09481 23,868631 70,334045
36,28984 24,72794 70,79827
80,24839 25,58725 71,2625
52,419945 26,446558 71,726715
97,01822 27,305866 72,19094
65,75431 28,165174 72,65517
74,55903 29,024483 73,11939
44,949486 29,883791 73,58361
73,42855 30,743101 74,04784
58,696106 31,719063 74,08543
73,78341 32,695023 74,12301
92,35289 33,670986 74,1606
46,50496 34,64695 74,19819
67,73053 35,62291 74,23577
53,786728 36,598873 74,27336
48,250217 37,574833 74,31095
36,382603 38,550797 74,34853
64,22548 39,52676 74,38612
103,98306 40,50272 74,42371
54,319225 41,478683 74,461296
73,148026 42,454643 74,498886
54,237896 43,430607 74,536476
62,425507 44,40657 74,57406
36,425446 45,38253 74,61165
82,29673 46,358494 74,64924
62,35336 47,334454 74,68682
90,994 48,310417 74,72441
103,54839 49,28638 74,762
82,469475 50,26234 74,79958
40,70934 51,238304 74,83717
71,9522 52,214264 74,87476
104,696075 53,190228 74,912346
91,378174 54,166187 74,949936
87,70138 55,14215 74,987526
64,82183 56,118114 75,02511
33,548424 57,094074 75,0627
85,754005 58,070038 75,10029
91,9014 59,045998 75,13787
33,878735 0,02196126 75,17546
41,54706 0,9979233 75,21305
54,26751 1,9738853 75,25064
45,588253 2,9498475 75,28822
58,828564 3,9258094 75,32581
75,63662 4,9017715 75,3634
55,002056 5,877733 75,400986
34,246914 6,8536954 75,438576
75,958275 7,8296576 75,476166
48,441536 8,805619 75,51375
61,6935 9,781582 75,55134
91,09852 10,757544 75,58893
34,802902 11,733505 75,62651
84,00114 12,709468 75,6641
56,181973 13,68543 75,70169
51,13734 14,661392 75,73927
63,488037 15,637354 75,77686
36,471863 16,613316 75,81445
42,115723 17,589277 75,852036
66,819595 18,56524 75,889626
35,75825 19,541203 75,927216
44,767925 20,517164 75,9648
37,052307 21,493126 76,00239
63,941013 22,469088 76,03998
61,572643 23,44505 76,07756
46,86572 24,421013 76,11515
45,515835 25,396975 76,15274
73,53172 26,372936 76,19032
93,37613 27,348898 76,22791
53,134197 28,32486 76,2655
33,764454 29,300823 76,303085
45,824097 30,276785 76,340675
60,754852 31,252747 76,378265
84,97239 32,22871 76,41585
90,78167 33,20467 76,45344
99,56609 34,180634 76,49103
72,04966 35,156593 76,52861
86,08709 36,132557 76,5662
104,81743 37,108517 76,60379
67,47251 38,08448 76,64137
94,13343 39,060444 76,67896
59,15727 40,036404 76,71655
49,766567 41,012367 76,754135
55,29679 41,988327 76,791725
68,17351 42,96429 76,829315
43,789967 43,940254 76,8669
101,53762 44,916214 76,90449
38,323845 45,892178 76,94208
54,539867 46,868137 76,97967
79,341484 47,8441 77,01725
41,106476 48,820065 77,05484
103,5935 49,796024 77,09243
90,99667 50,771988 77,13001
96,02722 51,747948 77,1676
39,293667 52,72391 77,20519
53,083336 53,699875 77,242775
48,766094 54,675835 77,280365
59,848656 55,6518 77,317955
60,111176 56,627758 77,35554
85,33346 57,60372 77,39313
80,37599 58,579685 77,43072
60,024223 59,555645 77,4683
86,89056 0,5316074 77,50589
69,8402 1,5075694 77,54348
87,94147 2,4835315 77,58106
76,11301 2,9164298 78,45657
98,25144 3,349328 79,33208
80,62324 3,782226 0,20758782
93,977135 4,2151246 1,0830956
41,08535 4,6480227 1,9586034
34,77166 5,0809207 2,8341112
73,17495 5,513819 3,7096188
59,495518 5,9467173 4,5851264
45,347137 6,379616 5,460634
46,235226 6,812514 6,336142
67,94593 7,245412 7,21165
101,6321 7,6783104 8,087157
91,01106 7,837701 7,1235657
72,27979 7,9970913 6,1599736
58,587788 8,156482 5,196382
104,2281 8,315872 4,23279
83,64525 8,475263 3,2691982
58,913002 8,634653 2,3056061
78,34918 8,7940445 1,3420143
82,443504 8,953435 0,37842238
78,29788 9,112825 79,41483
64,47765 9,272216 78,45124
44,7596 9,431606 77,48765
86,99773 9,590997 76,524055
46,200882 9,750387 75,56046
73,52735 9,909778 74,59687
37,60874 10,069168 73,63328
95,65691 10,228559 72,669685
90,361984 10,387949 71,70609
62,21893 10,54734 70,7425
86,597595 10,706731 69,77891
82,08808 10,866121 68,81532
76,683784 11,025512 67,85173
100,995834 11,184902 66,88814
45,504402 11,344293 65,924545
92,10441 11,503683 64,96095
58,865017 11,663074 63,99736
85,47688 11,822464 63,033768
77,18299 11,981854 62,070175
76,76362 12,141246 61,106583
44,004444 12,300636 60,142994
85,21394 12,460027 59,1794
87,065834 12,619417 58,21581
44,38932 12,778808 57,252216
65,82651 12,938198 56,288624
61,93805 13,097589 55,32503
100,135635 13,256979 54,361443
91,95575 17,082352 31,235235
34,337307 17,241743 30,271643
84,20042 17,401133 29,30805
50,077393 17,560524 28,34446
65,039764 17,719913 27,380867
37,021248 17,879305 26,417274
65,151405 18,038696 25,453684
80,27954 18,198086 24,490091
43,69942 18,357477 23,526499
89,83712 18,516867 22,562908
50,99841 18,676258 21,599316
39,490368 18,835648 20,635723
91,02769 18,995039 19,672132
52,95875 19,154428 18,70854
92,75198 19,31382 17,744947
33,411453 19,47321 16,781357
79,71782 19,6326 15,817764
70,23889 19,791992 14,854173
37,25007 19,951382 13,89058
84,43388 20,110773 12,926989
80,882416 20,270163 11,963397
62,550636 20,429554 10,9998045
34,285435 20,588943 10,036213
79,93992 20,748335 9,072621
53,061714 20,907724 8,109029
60,044285 21,067116 7,1454372
74,54392 21,226505 6,181845
92,265976 21,385897 5,218253
43,979256 21,545288 4,2546616
79,4507 21,704678 3,2910695
71,13718 21,864069 2,3274775
76,68316 22,023458 1,3638856
97,9048 22,18285 0,40029374
90,3052 22,34224 79,4367
50,59689 22,50163 78,47311
82,62272 22,66102 77,50952
98,62679 22,820412 76,54593
49,906536 22,979803 75,58234
37,39348 23,139193 74,618744
93,67549 23,298584 73,65515
87,35967 23,457973 72,69156
77,80264 23,617365 71,72797
34,838318 23,776754 70,76437
85,72833 23,936146 69,80078
84,68667 24,095535 68,83719
58,1894 24,254927 67,8736
86,73289 24,414316 66,91
37,412926 24,573708 65,94642
65,03634 24,733099 64,98283
87,47962 24,892488 64,01923
58,41394 25,05188 63,05564
81,92938 25,21127 62,09205
95,34931 25,37066 61,128456
72,87258 25,53005 60,164864
104,11386 25,689442 59,20127
61,337593 25,848831 58,23768
85,5319 26,008223 57,274086
81,136116 26,167612 56,310497
40,037964 26,327003 55,346905
91,626076 26,486395 54,383312
45,934193 25,538223 54,149036
71,982864 24,590052 53,91476
102,87558 23,64188 53,680485
41,99621 22,693708 53,44621
42,618443 2,7821043 48,526405
103,08545 1,8339328 48,29213
77,13363 0,8857612 48,057854
98,41097 59,937588 47,823578
55,644466 58,989418 47,589302
79,75516 58,041245 47,355026
75,970505 57,093075 47,12075
39,414932 56,144905 46,88647
44,949368 55,19673 46,652195
83,31291 54,24856 46,41792
89,64774 53,30039 46,183643
64,630394 52,35222 45,949368
38,78885 51,404045 45,71509
48,452667 50,455875 45,480816
48,47007 49,5077 45,24654
74,850624 48,559532 45,012264
72,00854 47,61136 44,777985
92,54003 46,66319 44,54371
53,666187 45,715015 44,309433
67,065445 44,766846 44,075157
103,08496 43,818672 43,84088
56,572968 42,870502 43,606606
88,72001 41,92233 43,37233
57,9734 40,97416 43,138054
55,44745 40,025986 42,903778
93,346535 39,077816 42,6695
73,47071 38,129642 42,435223
74,558716 37,181473 42,200947
97,08713 36,2333 41,96667
92,35517 35,28513 41,732395
92,957855 34,336956 41,49812
48,25794 33,388786 41,263844
53,361847 32,440613 41,029568
43,294796 31,492441 40,79529
68,92772 30,54427 40,561012
49,69215 29,596098 40,326736
68,505875 28,647926 40,09246
37,472168 27,699755 39,858185
52,442547 26,751583 39,62391
81,84335 25,803413 39,389633
64,2878 24,855242 39,155357
80,26293 23,90707 38,92108
77,99028 22,958899 38,686806
72,41096 2,2665682 43,06519
56,413204 1,3272095 43,33262
39,513313 0,38785085 43,60005
65,80061 59,448494 43,867485
89,73603 58,509132 44,13492
56,76065 57,569775 44,402348
43,53477 56,630417 44,66978
39,327343 55,69106 44,937214
40,702877 54,751698 45,204647
91,63686 53,81234 45,472076
103,589035 52,872982 45,73951
51,479984 51,933624 46,006943
69,316444 50,994263 46,274376
39,56263 50,054905 46,541805
58,76324 49,115547 46,80924
57,81332 48,17619 47,07667
44,383564 47,236828 47,344105
86,94471 46,29747 47,611538
42,608826 45,358112 47,878967
68,51655 44,418755 48,1464
91,22714 43,479393 48,413834
49,53416 42,540035 48,681267
66,06318 41,600677 48,948696
79,67113 40,66132 49,21613
50,937656 39,721962 49,483562
93,80371 38,7826 49,750996
71,254906 37,843243 50,018425
93,35812 36,903885 50,28586
40,599625 36,695045 49,33176
36,51058 36,486206 48,377663
82,611496 36,27737 47,42357
86,06663 36,06853 46,46947
88,461754 35,85969 45,515373
64,45523 35,650852 44,561275
41,58432 35,442017 43,607178
82,22729 35,233177 42,653084
38,648743 35,024338 41,698986
89,91256 34,815502 40,74489
101,36528 34,606663 39,79079
96,346146 34,397823 38,836693
105,231895 34,188984 37,882595
101,265305 33,98015 36,9285
52,917595 33,77131 35,974403
37,00238 33,56247 35,020306
81,34986 33,35363 34,066208
61,348846 32,598904 33,44629
57,345516 31,844173 32,82637
73,44002 31,089445 32,20645
99,12298 30,334717 31,586535
66,89503 29,579987 30,966616
97,242874 28,825258 30,346697
50,23356 28,07053 29,726778
84,04438 27,266037 30,280588
94,983604 26,461542 30,834396
55,635033 25,65705 31,388206
58,574364 24,852556 31,942017
97,81316 24,048061 32,495827
65,42914 23,243568 33,049637
73,765144 2,697869 42,55798
103,04544 1,9861581 41,88911
51,706455 1,2744473 41,220245
56,328224 0,56273645 40,55138
83,73511 59,851025 39,88251
78,690094 59,139317 39,213646
63,61155 58,427605 38,54478
39,786198 57,715893 37,87591
75,95 57,00418 37,207047
36,942257 56,292473 36,53818
36,18818 55,58076 35,869312
45,053535 54,86905 35,200447
36,447056 54,157337 34,53158
78,42614 53,44563 33,862713
57,551834 52,733917 33,193848
73,29046 52,022205 32,524982
74,10605 51,310493 31,856115
48,527542 50,598785 31,187248
37,32645 51,53253 31,473658
91,895195 51,82253 30,541018
57,262768 52,112522 29,608377
53,02635 52,402515 28,675737
55,101067 52,692513 27,743095
74,77772 52,982506 26,810455
90,87065 53,272503 25,877815
61,75165 53,562496 24,945175
33,928787 53,85249 24,012535
68,86828 54,142487 23,079895
86,896164 54,43248 22,147255
65,56579 54,722477 21,214615
100,59487 53,838863 20,798512
59,527603 52,95525 20,382408
39,801506 52,071636 19,966305
64,207054 51,188023 19,5502
80,00887 52,137524 19,779022
40,505917 53,08703 20,007843
52,75081 54,03653 20,236664
89,98011 54,986034 20,465485
93,718864 55,935535 20,694307
76,80283 56,88504 20,923128
103,65562 57,83454 21,151949
57,052807 58,784046 21,380772
97,02542 59,733547 21,609592
65,786354 0,6830503 21,838413
90,18088 1,632553 22,067234
68,81558 2,5820558 22,296057
55,383553 3,5315585 22,524878
79,86627 4,4810615 22,753698
80,61228 5,430564 22,982521
96,63949 6,380067 23,211342
43,857395 7,32957 23,440163
62,059784 8,279073 23,668983
65,547226 9,228575 23,897806
84,35701 10,178078 24,126627
101,78241 11,127581 24,355448
69,34338 12,077084 24,584269
55,888256 13,026587 24,813091
97,22712 13,9760895 25,041912
90,275116 14,925591 25,270733
90,192245 15,875094 25,499556
94,352295 16,221128 24,586222
82,34276 16,567162 23,67289
65,06542 16,913195 22,759558
59,502266 17,259228 21,846226
61,967613 17,60526 20,932894
51,972736 17,951294 20,019562
59,28749 18,297327 19,10623
64,339775 18,64336 18,192896
40,2529 18,989391 17,279564
91,442154 19,335424 16,366232
80,60736 19,681458 15,4529
56,738674 20,02749 14,539568
61,449802 20,373524 13,626235
36,911373 20,719557 12,712903
47,902374 21,06559 11,799571
51,67571 21,411623 10,886238
56,513435 21,757656 9,972906
33,50168 22,10369 9,059574
99,067184 22,449722 8,146241
37,627163 22,795755 7,232909
100,36934 23,141788 6,319577
55,133 23,487822 5,4062448
74,035225 23,833855 4,492913
61,62373 24,179888 3,5795803
91,44482 24,52592 2,666248
95,43107 24,871954 1,7529157
78,9075 25,217987 0,8395835
50,724068 25,56402 79,926254
89,404785 25,910053 79,01292
74,72552 26,256086 78,09959
89,03043 26,60212 77,18626
98,010635 26,948153 76,27292
78,63285 27,294186 75,35959
54,776367 27,640219 74,44626
60,592068 27,986252 73,53293
67,07686 28,332285 72,61959
53,86919 28,678318 71,70626
60,98726 29,024351 70,79293
73,389565 29,370384 69,87959
76,88312 28,786991 69,09629
97,492096 28,203598 68,31299
73,20674 27,620205 67,52968
45,355473 27,036812 66,746376
42,797054 26,453419 65,96307
101,294235 25,870024 65,17976
63,468044 25,28663 64,39646
90,83343 25,188654 65,36822
92,0664 25,090677 66,33998
60,927544 24,992699 67,31174
50,954727 24,894722 68,28349
35,153145 24,796745 69,25526
66,5155 24,698767 70,22701
86,191086 24,60079 71,19877
57,52339 24,502813 72,17053
59,00444 24,404835 73,14229
39,033215 24,306858 74,11405
100,38513 24,208881 75,08581
84,18471 24,110903 76,05756
68,72516 24,012926 77,02933
61,67867 24,845037 76,517944
53,517246 25,677149 76,00657
35,1236 26,509258 75,49519
39,35086 27,34137 74,98382
52,567776 28,173481 74,47244
71,455795 29,005592 73,96107
45,545883 29,837704 73,44969
42,29178 30,669813 72,93831
93,93548 31,501925 72,42693
40,364395 32,334038 71,91556
56,633053 33,166145 71,40418
35,858788 33,998257 70,89281
76,81365 34,830368 70,38143
90,7373 35,66248 69,870056
89,934204 36,49459 69,35867
35,459934 37,326702 68,8473
42,672157 38,158813 68,33592
98,51325 38,990925 67,82455
54,202568 39,823036 67,31317
61,838936 40,655148 66,801796
97,00206 41,48726 66,29042
84,27835 42,319366 65,77904
50,396927 43,151478 65,26766
61,191807 43,98359 64,75629
56,72332 44,8157 64,24491
71,157745 45,64781 63,733536
97,914955 46,479923 63,222157
47,18751 47,312035 62,71078
103,11036 48,144146 62,199406
58,992363 48,976257 61,688026
53,37604 49,80837 61,17665
39,857605 50,64048 60,665276
91,0286 51,472588 60,1539
62,772797 52,3047 59,64252
74,77547 53,13681 59,131145
49,552517 53,96892 58,61977
59,85891 54,801033 58,10839
35,934395 55,633144 57,597015
36,91527 56,465256 57,08564
100,674034 55,96085 56,249283
91,458336 55,456444 55,41293
53,027184 54,952038 54,576576
79,75532 54,729713 55,52762
54,285057 54,50739 56,478664
61,160255 54,285065 57,42971
48,41781 54,062744 58,380756
46,213768 53,84042 59,331802
101,123924 53,618095 60,282845
63,159546 53,39577 61,23389
82,79259 53,17345 62,184937
63,962612 52,951126 63,135983
75,142914 52,7288 64,08703
58,694527 51,766422 63,920467
89,55338 50,804043 63,75391
72,08634 49,841667 63,587353
99,319435 48,879288 63,42079
44,74491 47,91691 63,254234
47,28808 46,95453 63,087677
37,869286 45,99215 62,921116
87,25007 45,02977 62,75456
47,02223 44,067394 62,588
51,62256 43,105015 62,42144
41,217537 42,142635 62,254883
75,357185 41,180256 62,088326
92,81212 40,217876 61,921764
75,55591 39,2555 61,755207
102,94685 38,29312 61,588646
56,493046 37,33074 61,42209
46,03014 36,368362 61,25553
89,856766 35,405983 61,08897
57,332676 34,443604 60,922413
69,32805 33,481228 60,755856
92,114 32,51885 60,589294
80,72022 31,556469 60,422737
55,537685 30,59409 60,25618
62,00574 29,63171 60,08962
37,548775 28,669333 59,92306
66,54077 27,706953 59,756504
79,41592 26,744576 59,589943
62,104706 25,782196 59,423386
39,909504 24,819817 59,25683
41,30357 23,857439 59,090267
71,72863 22,89506 58,92371
80,03402 21,93268 58,757153
89,42113 20,970303 58,59059
81,41969 20,007923 58,424034
50,763474 19,045544 58,257477
64,567444 18,083166 58,090916
93,71017 17,120787 57,92436
70,42513 16,158407 57,7578
56,086456 17,133337 57,699257
70,7601 18,108267 57,640713
42,57938 17,590588 56,812508
36,23377 17,072906 55,984306
48,48484 16,555227 55,1561
41,623314 16,037546 54,327896
63,63353 2,5778646 32,79459
53,588398 2,0601847 31,966387
82,05389 1,5425047 31,138182
85,475876 1,0248245 30,309978
34,69393 0,5071445 29,481773
50,167454 59,989464 28,65357
88,4445 59,471783 27,825365
84,218346 58,954105 26,997162
88,0615 58,436424 26,168957
55,330482 57,918743 25,340754
97,803024 57,401066 24,512548
49,315483 56,883385 23,684345
36,822536 56,365704 22,85614
101,522766 55,848022 22,027937
49,538265 55,330345 21,199732
70,81692 54,812664 20,371529
56,12058 54,294983 19,543324
61,275826 53,7773 18,71512
102,8525 53,259624 17,886915
68,85017 52,741943 17,058712
96,85631 52,62723 16,088785
80,24134 52,512524 15,11886
94,12643 52,39781 14,148934
83,88425 52,283104 13,179008
60,40167 52,168392 12,209082
42,090576 52,053684 11,239156
83,94852 51,938972 10,26923
58,658894 51,82426 9,299304
73,14277 51,709553 8,329378
79,32867 51,59484 7,3594522
92,72297 51,480133 6,3895264
66,85783 51,36542 5,4196005
101,948586 51,25071 4,4496746
42,417393 51,136 3,4797487
93,72842 51,02129 2,5098228
68,699326 50,90658 1,539897
64,49587 50,79187 0,569971
46,642963 50,677162 79,600044
61,20071 50,56245 78,63012
33,611244 50,44774 77,660194
42,38472 50,33303 76,69027
99,87672 50,21832 75,720345
75,05974 50,10361 74,75041
94,27699 49,87727 75,700516
89,75646 49,65093 76,65061
34,13281 49,424587 77,60071
99,53449 49,19825 78,550804
101,29496 48,97191 79,5009
67,31335 48,745567 0,4509991
54,92035 48,51923 1,4010963
66,076385 48,29289 2,3511937
51,55537 48,066547 3,301291
65,16197 47,840206 4,251388
96,52619 47,61387 5,2014856
55,089764 47,387527 6,1515827
66,450455 47,161186 7,10168
83,02608 46,934845 8,051777
97,67603 46,708508 9,001875
94,37321 46,482166 9,951972
100,086815 46,255825 10,902069
52,039185 46,029484 11,852166
89,239365 45,803146 12,802263
73,21623 45,576805 13,752361
33,865536 45,350464 14,702458
46,129982 46,309647 14,518375
105,31727 47,268826 14,334292
50,95026 48,22801 14,150208
45,077847 49,187187 13,9661255
33,9184 50,14637 13,7820425
69,976456 51,105553 13,5979595
80,64638 52,06473 13,413877
40,353176 53,023914 13,229794
73,96292 53,983093 13,045711
103,802605 54,942276 12,861628
54,49456 55,901455 12,677545
41,224506 56,860638 12,493462
88,21631 57,819817 12,309379
70,546364 58,779 12,125295
40,90165 59,73818 11,941212
85,34263 0,6973606 11,757129
51,812477 1,6565416 11,573046
84,98595 2,6157224 11,388963
73,35601 3,5749035 11,20488
54,204067 4,5340843 11,020797
42,4994 5,4932656 10,836714
95,080315 6,4524465 10,652631
83,404526 7,4116273 10,468548
67,99047 8,370809 10,284464
105,56299 9,329989 10,100381
74,59931 10,28917 9,916298
39,32821 11,248351 9,732215
82,01477 12,207532 9,548132
64,16893 13,166713 9,364049
50,932823 14,125895 9,179966
65,63175 15,085075 8,995883
102,03126 16,044256 8,8118
78,28235 17,003437 8,627717
84,3594 17,962618 8,443634
45,530003 18,921799 8,25955
52,05912 19,88098 8,075467
80,58973 20,84016 7,8913846
42,12263 21,799341 7,707301
46,35786 22,758522 7,523218
93,33034 23,717705 7,339135
93,484436 24,676886 7,155052
47,805916 25,636066 6,970969
65,186386 40,98296 4,02564
105,43433 41,942142 3,8415568
82,65086 42,901325 3,6574736
49,275936 43,860504 3,4733906
93,81205 44,819687 3,2893076
38,580765 45,778866 3,1052244
55,611526 46,73805 2,9211414
59,064457 47,697227 2,7370584
104,470436 48,65641 2,5529752
79,13631 49,61559 2,3688922
38,621593 50,57477 2,184809
73,024124 51,53395 2,000726
69,75296 52,493134 1,8166429
62,521126 53,452312 1,6325599
91,56078 54,411495 1,4484768
34,61846 55,370674 1,2643937
46,43178 56,329857 1,0803106
68,85232 57,28904 0,89622754
45,870018 58,24822 0,7121445
49,591084 59,2074 0,5280614
53,493862 0,16658084 0,34397832
93,2859 1,1257619 0,15989524
76,71679 2,0849428 79,975815
83,49647 3,0441236 79,79173
96,09866 4,003305 79,60764
103,443535 4,962486 79,42356
66,800385 5,9216666 79,23948
58,96709 6,8808475 79,0554
33,243996 7,840029 78,871315
77,084625 8,79921 78,68723
88,82808 9,75839 78,50315
100,53901 10,717571 78,31906
96,84864 11,676752 78,13498
68,071106 12,635934 77,9509
57,756046 13,595115 77,766815
38,01603 14,554296 77,58273
49,661224 15,513476 77,39865
75,74018 16,472658 77,21457
42,833973 17,431839 77,03048
63,261196 18,39102 76,8464
82,33441 19,3502 76,662315
93,251144 20,309381 76,47823
54,757236 21,268562 76,29415
86,58454 22,227743 76,11007
90,60833 23,186924 75,92599
73,63054 24,146105 75,741905
36,13564 25,120312 75,811455
40,429363 26,094517 75,88101
34,27283 27,068722 75,95056
97,621666 28,042929 76,02012
62,708435 29,017134 76,08967
100,755325 29,99134 76,159225
64,348366 30,965546 76,228775
57,14296 31,939753 76,29833
72,543274 32,913956 76,36788
98,20434 33,888165 76,43744
104,894035 34,86237 76,506996
79,849304 35,836575 76,576546
53,694042 36,81078 76,6461
65,71964 37,78499 76,71565
38,096752 38,759193 76,78521
55,698956 39,7334 76,85476
71,16263 40,707603 76,92432
105,510574 41,68181 76,993866
69,93872 42,656017 77,06342
74,47474 43,630222 77,13298
66,030174 44,604427 77,20253
80,291466 45,578632 77,27209
33,5219 46,552837 77,34164
34,91452 47,527046 77,411194
59,54882 48,50125 77,48074
83,12795 49,475456 77,5503
55,03213 50,44966 77,61985
46,23786 51,42387 77,68941
98,34322 52,398075 77,75896
80,42409 53,37228 77,828514
35,26026 54,346485 77,89807
98,48186 55,32069 77,96762
95,66771 56,2949 78,03718
52,05558 57,269104 78,10673
75,83551 58,24331 78,176285
43,621635 59,217514 78,245834
32,988155 0,19172071 78,31539
78,52024 1,1659266 78,38494
67,298515 2,1401324 78,4545
74,26341 3,1143382 78,52405
58,188095 4,088544 78,593605
61,51798 5,06275 78,66316
95,0869 6,036956 78,73271
85,34579 7,0111613 78,80227
34,894188 7,9853673 78,87182
92,64251 8,959573 78,941376
62,515594 9,933779 79,010925
34,35783 10,907985 79,08048
80,723305 11,882191 79,15003
101,25941 12,856397 79,21959
77,65179 13,830603 79,28915
85,81022 14,804808 79,358696
84,13511 15,779014 79,42825
50,98931 16,75322 79,4978
39,557785 17,727425 79,56736
71,71003 18,701632 79,63691
65,21099 19,675837 79,70647
80,08111 20,650043 79,77602
79,97456 21,624249 79,84557
36,420895 20,733784 79,44434
90,695175 19,843319 79,043106
87,296135 18,952854 78,64188
64,02634 18,06239 78,24065
46,12576 17,171925 77,83942
76,6203 16,28146 77,43818
100,55188 15,390995 77,03695
84,6914 14,50053 76,63572
40,980614 13,610065 76,23448
102,03758 12,719601 75,83325
75,682335 11,829136 75,43202
84,61059 10,938671 75,03079
88,64261 10,048206 74,629555
92,88037 9,157742 74,228325
84,28952 8,267277 73,827095
50,571873 7,3768115 73,42586
100,85286 6,4863467 73,02463
52,604546 5,595882 72,6234
91,755806 4,705417 72,22217
45,12803 3,8149524 71,82093
74,36054 2,9244876 71,4197
103,55878 2,0340228 71,01847
47,133537 1,143558 70,61723
81,61556 0,25309315 70,216
36,103905 59,36263 69,81477
66,648926 58,472164 69,41354
92,518074 57,5817 69,01231
82,33703 56,691235 68,61108
90,95843 55,80077 68,20985
37,493687 54,910305 67,80862
62,019714 54,01984 67,40738
77,12715 53,129375 67,00615
42,3933 52,23891 66,60492
87,49581 51,348446 66,20368
78,79462 50,45798 65,80245
89,89937 49,567516 65,40122
39,684223 48,67705 64,99999
74,9436 47,786587 64,598755
73,784744 46,896122 64,197525
52,34784 46,005657 63,79629
84,430534 45,115192 63,39506
59,979286 44,224728 62,993828
71,01795 43,334263 62,592598
102,17559 42,443798 62,191364
104,76148 41,553333 61,790134
88,70047 40,66287 61,3889
45,674053 39,772404 60,98767
40,212612 38,88194 60,586437
67,57267 37,991474 60,185204
94,96803 37,10101 59,783974
71,64835 36,210545 59,38274
86,95153 35,32008 58,98151
54,0206 34,429615 58,580276
104,434 33,53915 58,179047
37,90086 32,648685 57,777813
75,27152 31,758219 57,37658
96,13489 30,867754 56,97535
70,11539 29,97729 56,574116
50,623253 29,086824 56,172886
56,870144 28,19636 55,771652
100,07673 27,305895 55,370422
69,892 26,41543 54,96919
36,30171 25,524965 54,56796
77,8201 24,6345 54,166725
54,203663 23,744036 53,76549
86,08119 22,85357 53,36426
94,68126 2,3728797 44,135925
53,950115 1,482415 43,73469
76,15447 0,5919501 43,33346
50,83195 59,701485 42,932228
88,08667 58,81102 42,531
77,85947 57,920555 42,129765
97,68789 57,03009 41,728535
41,633587 56,139626 41,3273
39,56006 55,24916 40,926067
67,37635 54,358696 40,524837
95,11754 53,46823 40,123604
98,697754 52,577766 39,722374
78,777916 51,6873 39,32114
102,98655 50,796837 38,91991
45,883053 49,906372 38,518677
58,566357 49,015907 38,117447
93,36132 48,125443 37,716213
51,83102 47,234978 37,31498
78,55356 46,344513 36,91375
92,78547 45,45405 36,512516
99,96702 44,563583 36,111286
86,52088 43,67312 35,710052
65,9932 42,782654 35,308823
83,21492 41,89219 34,90759
39,311325 41,001724 34,506355
52,524185 40,11126 34,105125
58,437286 39,220795 33,70389
46,567463 38,33033 33,30266
84,86526 37,439865 32,90143
52,095512 36,5494 32,5002
35,166344 35,658936 32,098965
55,022995 34,76847 31,697733
98,57004 33,878006 31,296501
45,65409 32,98754 30,89527
91,81004 32,097076 30,494038
83,07019 31,206612 30,092806
87,52159 30,316147 29,691572
89,68646 29,430832 29,2791
40,934998 28,545517 28,866629
101,010796 27,660202 28,454157
84,10382 26,774889 28,041685
53,18642 25,81152 28,202421
97,61832 26,763018 27,98204
74,45282 27,714514 27,761658
62,791187 28,666012 27,541277
100,252266 29,617508 27,320894
33,297127 30,569004 27,100512
58,744328 31,520502 26,88013
89,12014 32,472 26,659748
41,867558 33,423496 26,439365
63,015865 34,374992 26,218985
84,14163 35,32649 25,998602
75,4067 36,27799 25,778221
38,83488 37,229485 25,557838
74,30341 38,18098 25,337456
35,51159 39,132477 25,117075
100,225685 40,083973 24,896692
43,9546 41,035473 24,67631
63,850056 41,98697 24,455929
42,78512 42,938465 24,235546
98,050964 43,88996 24,015165
99,18577 44,84146 23,794783
54,997116 45,792957 23,5744
96,64107 46,744453 23,35402
89,179955 47,69595 23,133636
80,99277 48,647446 22,913254
34,03062 49,598946 22,692873
82,79716 50,55044 22,47249
37,401634 51,501938 22,25211
94,159134 52,453434 22,031727
37,480587 53,404934 21,811344
80,530754 54,35643 21,590963
58,96252 55,307926 21,37058
58,71448 56,259422 21,150198
104,13139 57,210922 20,929817
61,428474 58,16242 20,709435
50,596695 59,113914 20,489054
36,874573 0,06541132 20,268671
41,99001 1,0169083 20,048288
34,889 1,9684052 19,827908
78,82073 2,9199023 19,607525
99,3773 3,8713992 19,387142
70,38303 4,822896 19,166761
103,8968 5,774393 18,946379
52,395123 6,72589 18,725998
77,212776 7,677387 18,505615
67,58077 8,628884 18,285233
85,8996 8,058906 19,078354
46,660206 7,488927 19,871473
105,54721 6,918948 20,664593
83,59246 6,34897 21,457712
99,87338 5,778991 22,250832
75,39171 5,2090125 23,043953
85,435936 4,639034 23,837072
93,03345 4,0690556 24,630192
63,118282 3,4990768 25,423311
33,075974 2,9290981 26,216433
85,39792 2,3591197 27,009552
48,823772 1,7891409 27,802671
66,401665 1,2191623 28,59579
46,657116 0,6491838 29,388912
78,82783 0,0792052 30,182032
92,7543 59,509228 30,975151
77,12216 58,939247 31,76827
97,89295 58,36927 32,56139
59,513283 57,79929 33,35451
59,364742 57,229313 34,14763
63,32361 56,659332 34,94075
33,597515 56,47309 33,981987
85,810814 56,286846 33,023224
39,54564 56,100605 32,064457
88,65352 55,91436 31,105696
78,26549 55,728115 30,14693
105,67366 55,541874 29,188168
65,73686 55,35563 28,229403
38,1059 55,169388 27,27064
35,337814 54,983143 26,311876
47,686695 54,796898 25,353111
36,89599 54,610657 24,394348
74,05205 54,42441 23,435585
49,4616 55,16297 22,79649
41,211224 55,901535 22,157393
92,73188 56,640095 21,518297
76,23482 57,378654 20,879202
60,68012 58,117214 20,240107
54,80437 58,855778 19,601011
69,343834 59,594337 18,961916
41,4993 0,3328971 18,32282
58,60528 0,055325996 17,386408
54,399998 59,777756 16,449995
34,421936 59,500183 15,513582
81,95313 59,222614 14,577169
42,87104 58,94504 13,640757
102,98635 58,66747 12,704344
60,725086 58,3899 11,767931
65,98381 58,112328 10,831518
50,565952 57,83476 9,895105
46,64506 57,557186 8,958693
98,814224 57,279613 8,02228
51,44918 57,002045 7,0858665
79,01748 56,724472 6,1494536
87,40285 56,446903 5,213041
42,651913 56,16933 4,276628
47,31659 55,891758 3,3402152
71,43203 55,61419 2,4038024
68,24298 55,336617 1,4673895
44,098763 55,059048 0,5309767
74,4339 54,781475 79,59457
72,65828 54,503902 78,65815
75,77844 54,226334 77,72174
