0
43,324104 57,90367 54,730965
65,48784 58,014656 54,468018
61,606728 58,11787 54,20192
43,81906 58,072277 54,48367
62,819702 58,026684 54,765415
54,84517 57,98109 55,04716
44,192883 57,935497 55,328907
55,099808 57,656258 55,387943
43,40154 57,377018 55,446976
64,16308 57,09778 55,506012
54,639637 56,81854 55,56505
62,368565 56,5393 55,624084
65,24909 56,72355 55,842052
46,55826 56,907803 56,060024
50,30497 57,092052 56,277996
55,173492 57,182083 56,007153
48,37026 57,272114 55,736313
59,498695 57,36214 55,465473
52,172745 57,45217 55,194633
55,43666 57,5422 54,923794
57,275784 57,36 55,143482
50,17956 57,10562 55,272903
65,36141 56,851242 55,40233
50,717007 56,581985 55,307663
44,6342 56,312733 55,212994
57,674675 56,043476 55,11833
52,978165 55,774223 55,023663
64,72789 55,504967 54,928997
62,285004 55,235714 54,834328
64,21476 54,966457 54,739662
44,47812 54,697205 54,644997
47,804325 54,427948 54,550327
45,558773 54,542404 54,28887
44,099228 54,65686 54,027416
59,608162 54,37175 54,014294
59,882576 54,08664 54,00117
54,036343 53,80153 53,98805
49,64294 53,641247 54,224205
62,30359 53,924755 54,191315
61,7943 54,208267 54,15843
44,10866 54,49178 54,12554
42,930573 54,775288 54,092655
54,763863 54,509083 53,989727
49,601925 54,242878 53,8868
62,782288 53,97667 53,78387
43,634453 54,09251 53,523026
57,0669 54,026886 53,245262
52,613644 53,96126 52,967495
57,433144 53,72157 53,122437
57,70357 53,90286 52,901997
45,124264 54,084152 52,68156
48,639755 54,26544 52,46112
50,88759 54,342045 52,73606
61,634842 54,418648 53,011
44,303104 54,495255 53,28594
59,28048 54,571857 53,56088
44,386425 54,78435 53,37034
48,461983 54,99685 53,179802
55,907097 55,209347 52,98926
47,643665 55,01176 52,783302
55,145267 54,814175 52,577343
48,02742 54,61659 52,37138
46,125042 54,337814 52,310192
56,268513 54,585495 52,45202
47,930008 54,833176 52,59384
58,017143 55,04401 52,786217
64,09492 55,254845 52,978592
54,415195 55,46568 53,170967
51,36849 55,676514 53,363342
58,87376 55,884544 53,55875
61,21153 56,092575 53,754154
43,993313 56,300606 53,94956
52,049362 56,343834 54,231678
61,294136 56,387062 54,513798
55,044266 56,43029 54,795918
57,19606 56,66106 54,963856
61,019913 56,891834 55,131798
43,27887 56,6098 55,088024
48,182022 56,327766 55,04425
44,67509 56,04573 55,000477
63,32532 55,763695 54,956703
49,269146 55,67373 54,68584
61,163136 55,583767 54,414978
55,66 55,4938 54,144115
65,77306 55,403835 53,873257
62,628963 55,31387 53,602394
55,144215 55,223904 53,33153
60,6273 55,09739 53,587368
43,412018 54,97087 53,84321
61,81897 54,74291 54,014942
48,994408 54,514946 54,186676
44,884407 54,286983 54,35841
59,592125 54,059017 54,530148
48,995102 53,831055 54,70188
62,56291 53,634407 54,495026
52,32681 53,437756 54,288174
64,38043 53,241104 54,081318
59,727276 53,044456 53,874466
55,280655 52,847805 53,66761
57,99368 52,651154 53,46076
63,174603 52,454506 53,253902
55,421253 52,257854 53,047047
59,916607 52,061207 52,840195
57,08342 51,864555 52,63334
47,81398 51,667904 52,426487
43,600277 51,471256 52,21963
53,550777 51,274605 52,01278
47,11515 51,077953 51,805923
60,76044 50,997154 52,079662
64,85085 51,281742 52,057964
57,78717 51,548862 52,158493
51,16418 51,815983 52,25902
46,495872 52,083103 52,35955
50,023533 52,0896 52,074215
57,270103 52,096096 51,788876
47,996525 52,102592 51,50354
49,784878 52,10909 51,2182
62,371075 52,336754 51,390327
52,39173 52,589947 51,522064
60,93103 52,843136 51,653805
50,234943 52,72483 51,91354
51,70611 52,606525 52,17328
42,97304 52,488224 52,433018
51,05154 52,36992 52,692757
48,811165 52,251614 52,952496
55,50312 52,133312 53,212234
55,16989 52,015007 53,47197
52,96951 51,8967 53,73171
55,473907 52,116352 53,549465
49,797226 51,845814 53,640396
53,902348 51,575275 53,731327
55,308636 51,304737 53,822258
47,76072 51,0342 53,91319
51,07452 50,78866 53,767693
44,047577 51,00683 53,583683
46,494236 51,18909 53,364044
64,56185 51,371353 53,14441
47,504093 51,55361 52,92477
59,544827 51,735874 52,70513
61,666134 51,918137 52,485497
59,82482 52,1004 52,265858
51,75778 52,282658 52,04622
55,048283 52,02439 51,924744
49,855206 51,83978 52,142406
50,146915 51,562847 52,07334
60,40886 51,711864 52,316765
45,82671 51,860878 52,560184
52,73761 52,068996 52,755497
56,35863 52,340664 52,667988
60,996166 52,607296 52,566166
56,378754 52,873928 52,464348
60,542248 53,140556 52,362526
48,41783 52,912037 52,191536
43,83416 52,683517 52,020542
61,580486 52,454998 51,849552
48,63278 52,512238 51,56994
44,379234 52,56948 51,290325
49,296844 52,535015 51,007004
42,543537 52,653633 51,266598
42,426395 52,606663 50,985077
46,721596 52,559696 50,70356
52,56455 52,768917 50,89769
50,02271 52,978134 51,091824
52,354496 53,18735 51,285957
48,070568 53,39657 51,48009
52,236485 53,60579 51,67422
53,880432 53,815006 51,868355
45,070538 54,024223 52,06249
47,94953 54,233444 52,256622
46,770287 54,177536 51,976738
65,312195 54,121628 51,696857
55,186417 54,065723 51,416973
59,915237 54,009815 51,137093
58,271435 53,953907 50,85721
56,055653 54,16315 51,051315
55,014404 54,401577 50,89443
47,007748 54,640003 50,73754
62,073353 54,467377 50,510254
48,524303 54,69331 50,68465
50,953457 54,41441 50,745266
47,152763 54,259373 50,984898
63,908916 54,053127 51,182186
56,346523 53,787838 51,28746
42,85314 53,522552 51,39273
55,160557 53,257263 51,498
60,33555 53,54117 51,468708
54,783657 53,825073 51,43942
42,259186 54,10898 51,410126
65,10876 54,392883 51,380836
64,592255 54,66584 51,464226
42,79025 54,938797 51,547615
53,992733 55,1943 51,6748
59,928875 55,449806 51,80199
50,311287 55,70531 51,92918
61,668026 55,983593 51,992584
45,8945 55,768944 51,804474
64,316246 56,05249 51,771896
58,627922 56,33604 51,739323
65,07288 56,05266 51,705307
65,47703 55,769283 51,67129
50,29642 55,828186 51,392025
63,76347 56,025158 51,59857
43,98565 56,22213 51,805122
61,079372 56,4191 52,01167
56,670227 56,18545 52,175583
45,94192 56,387135 51,973633
52,627594 56,65308 51,870037
59,2415 56,91903 51,76644
46,42131 56,64663 51,851643
60,895172 56,661346 51,566612
55,964256 56,573708 51,294987
59,348194 56,311836 51,181484
51,152203 56,131775 51,402927
51,166225 55,95171 51,624367
56,826923 55,771645 51,84581
47,68841 55,59158 52,067253
65,20663 55,31503 52,137814
59,956207 55,156063 52,374855
62,453735 54,997097 52,6119
52,877243 54,83813 52,84894
44,425446 54,678387 53,08546
55,534576 54,518642 53,321983
56,965878 54,3589 53,558502
56,296974 54,199154 53,795025
43,853878 54,45513 53,668785
57,21037 54,711105 53,542545
55,404022 54,967083 53,41631
51,536457 55,215897 53,276478
56,322445 55,464706 53,136646
64,907875 55,71352 52,99682
60,412956 55,96233 52,856987
49,767365 56,21114 52,717155
57,18305 56,424206 52,527252
46,21308 56,63727 52,337353
58,85986 56,850338 52,14745
63,738976 56,676193 51,92132
44,990746 56,50205 51,695194
51,629326 56,56233 51,41622
43,575424 56,37047 51,204914
50,603653 56,178608 50,99361
58,73255 55,986748 50,782307
46,91969 55,79489 50,571003
49,41011 55,60303 50,3597
59,427563 55,41117 50,14839
56,176914 55,21931 49,937088
46,061417 55,40323 49,718838
53,76096 55,58715 49,500587
54,9158 55,77107 49,282337
57,21799 55,95499 49,064087
51,806778 56,13891 48,845837
54,006252 56,32283 48,627586
62,743587 56,506752 48,409336
53,7031 56,69067 48,191086
43,273117 56,87459 47,972836
45,76098 57,086926 48,163555
63,483173 57,29926 48,354275
50,224186 57,511593 48,545
46,928596 57,723927 48,735718
43,715984 57,43912 48,717125
59,79521 57,154312 48,698536
62,440968 57,42873 48,776997
53,205227 57,703144 48,85546
50,474915 57,97756 48,93392
61,48694 57,785603 48,722706
63,03337 57,501606 48,694298
54,820183 57,217613 48,66589
53,9345 57,369415 48,4242
52,341393 57,346 48,139748
64,70077 57,322586 47,855297
59,320942 57,04447 47,919434
63,909588 56,76636 47,983566
52,903755 56,488247 48,047703
46,038635 56,210136 48,111835
60,02106 56,4685 48,233112
49,592327 56,726864 48,354385
50,21085 56,98523 48,475662
52,725704 57,24359 48,59694
61,14241 57,501957 48,718212
55,66983 57,357384 48,472126
47,450905 57,21281 48,22604
51,068813 57,068237 47,979954
53,50779 56,923664 47,733868
61,987694 56,651733 47,647198
45,98079 56,3798 47,560528
62,04629 56,107864 47,473854
45,50977 55,83593 47,387184
62,648415 55,563995 47,300514
53,908916 55,29206 47,213844
44,587708 55,547577 47,086678
64,4136 55,57942 47,370308
47,683624 55,508766 47,646835
42,82693 55,438114 47,923367
57,71106 55,36746 48,199894
44,075256 55,296806 48,47642
58,52078 55,015167 48,52268
51,045475 54,73353 48,568935
45,245167 54,451893 48,61519
54,55981 54,726486 48,693012
51,060787 54,97406 48,551
52,920803 55,22163 48,408985
44,560406 54,969948 48,54358
57,179043 54,718266 48,67817
58,683556 54,46658 48,812763
49,376167 54,214897 48,947357
58,509293 53,963215 49,081947
59,647503 53,71153 49,21654
56,06193 53,459846 49,351135
52,487026 53,208164 49,48573
50,078194 52,95648 49,62032
57,379032 52,704796 49,754913
48,198082 52,453114 49,889507
65,247536 52,65648 50,089764
48,45567 52,383453 50,17294
64,12616 52,11043 50,25611
53,4574 51,83741 50,339287
63,929775 52,053215 50,152504
60,792004 52,3216 50,2496
63,580868 52,589993 50,34669
55,821903 52,858383 50,443783
48,710526 53,108376 50,306076
58,085117 53,358368 50,16837
52,818474 53,608364 50,030666
56,730133 53,858356 49,89296
44,07154 54,10835 49,755253
50,891876 54,358345 49,617546
57,73595 54,608337 49,47984
55,51209 54,85833 49,342133
58,191345 55,108326 49,204426
58,487774 55,35832 49,066723
51,663742 55,60831 48,929016
62,024582 55,858307 48,79131
50,129818 55,81012 48,509995
55,29226 55,761932 48,22868
61,851944 56,033676 48,141422
55,419117 56,305424 48,05416
59,361675 56,577168 47,966904
56,973366 56,848915 47,879642
54,630363 57,12066 47,79238
58,675 57,405525 47,810017
51,80109 57,657936 47,67679
52,50546 57,910343 47,54356
46,06577 58,16275 47,41033
62,736126 58,1666 47,695717
55,75566 58,170452 47,981102
44,31709 58,1743 48,266487
58,78598 58,35441 48,045082
45,16302 58,53452 47,823677
44,73858 58,777367 47,97362
56,215332 59,020218 48,123566
55,857906 59,26307 48,273514
63,11997 59,505917 48,42346
56,051357 59,748768 48,573402
64,27117 59,99162 48,72335
46,63672 59,955658 49,006485
45,426556 59,919697 49,289623
62,280685 0,1766835 49,41379
64,128586 0,43366972 49,53796
48,478764 0,69065595 49,66213
52,220562 0,94764215 49,7863
47,346985 1,2161219 49,88314
57,079624 1,4846016 49,979984
44,413124 1,7530813 50,076824
57,149475 2,0215611 50,173668
58,46406 2,290041 50,27051
54,090485 2,2338483 49,990685
52,267967 2,1776557 49,71086
47,486893 1,8996233 49,646378
63,88741 1,6215909 49,581898
52,29203 1,3435584 49,517418
49,334316 1,065526 49,452938
53,653843 1,2516953 49,236603
60,18788 1,3857479 49,48857
58,3464 1,5198005 49,740543
53,18097 1,653853 49,992516
63,10832 1,7879057 50,244488
49,241924 1,9219583 50,49646
57,776062 2,056011 50,748432
55,90747 2,2751913 50,931244
52,65499 2,4943717 51,11405
57,740593 2,713552 51,296864
51,426544 2,558805 53,880806
42,573452 2,400707 53,64318
42,86838 2,242609 53,40556
61,8393 2,502367 53,52382
53,5379 2,7621248 53,64208
43,956444 4,317479 54,353485
49,41284 4,3236456 54,63883
43,744503 4,599442 54,56537
65,784096 4,8752384 54,491913
49,891193 5,151035 54,418453
58,753128 5,426831 54,344994
46,280655 13,843489 54,105156
57,902252 2,7265928 51,95013
63,65501 2,4470189 51,8927
61,288643 2,167445 51,835266
59,43813 1,8828777 51,813328
42,903797 1,5983105 51,79139
52,99845 1,3137434 51,769447
46,52329 1,0291762 51,74751
63,175056 0,74460906 51,725567
54,80144 0,4600419 51,70363
53,8981 0,17547478 51,68169
52,649105 59,890907 51,659748
46,86649 59,606342 51,63781
62,734722 59,321774 51,615868
42,07663 59,54748 51,790554
50,938244 59,773193 51,96524
46,707436 59,9989 52,139923
63,32605 59,751137 51,99825
43,6244 59,503372 51,85657
55,866474 59,761444 51,97847
60,68926 59,97176 52,17141
46,95662 0,18207642 52,364353
63,966618 0,18023379 52,07895
57,85068 0,46275252 52,11948
55,884304 0,74527127 52,160015
52,271294 1,0277901 52,20055
58,48871 0,93670213 52,471035
64,82388 0,84561425 52,74152
45,3634 0,7545264 53,01201
63,65399 0,6634385 53,282494
45,074947 0,9051236 53,13068
64,1077 1,1468087 52,978863
46,1474 1,3884939 52,827045
42,346893 1,630179 52,67523
43,284267 1,8718641 52,523415
48,924862 2,1135492 52,371597
58,39292 2,353576 52,526024
55,223328 2,5936027 52,680447
52,108856 2,5940328 52,69316
60,611538 2,3089094 52,705986
59,083755 2,1112745 52,9119
45,4783 1,9136395 53,117813
50,854454 1,7160046 53,323727
58,833515 1,5183698 53,52964
56,60655 1,3207349 53,735554
58,943165 1,1231 53,941467
65,11261 0,9254651 54,14738
51,61982 1,1931231 54,04829
44,778893 1,4607812 53,9492
42,294437 1,7284392 53,85011
45,98293 1,9960972 53,75102
47,038845 2,2637553 53,651924
63,56653 2,5314133 53,552834
48,499935 2,7990713 53,453743
55,910236 6,901607 54,290195
56,99794 6,7690554 54,54296
45,283344 6,833435 54,264904
49,449673 6,867122 54,54832
53,649025 6,881468 54,26327
52,369656 6,983825 54,529697
51,03174 6,84779 54,27879
50,911594 6,5643835 54,312565
63,59205 6,2809777 54,34634
65,06357 6,5424194 54,23185
63,251167 6,35424 54,446438
62,578728 6,1660604 54,661026
65,11812 5,977881 54,875618
43,125053 5,789702 55,090206
58,36921 5,6015224 55,304794
64,59084 5,413343 55,519382
64,13488 5,2251635 55,73397
42,803204 5,036984 55,94856
53,612583 5,1013317 55,670498
61,731163 5,16568 55,392433
52,029243 5,2300277 55,114372
44,64414 5,2943754 54,836308
55,213413 5,5082345 54,6473
55,89602 5,4653926 54,929478
43,100773 5,3542495 55,19236
55,257847 5,628963 55,269768
56,711132 5,9036765 55,34718
53,13743 6,17839 55,42459
62,290585 6,4531035 55,502
60,797733 6,5715303 55,242317
47,06026 6,689957 54,982635
57,21403 6,974718 55,0019
48,448483 7,259479 55,02116
56,349396 7,54424 55,040424
46,58721 7,829001 55,05969
65,746864 7,7104783 55,31933
52,009693 7,8470592 55,068718
62,533566 7,924069 54,79389
56,67666 7,6402426 54,763847
58,075012 7,6735487 54,480385
47,943695 7,597664 54,205246
62,925774 7,7297745 54,45824
63,4019 7,861885 54,711235
44,70735 7,9939957 54,964233
43,024788 7,709022 54,98004
55,532356 7,4240484 54,99585
60,089077 7,139075 55,011658
43,226986 6,854101 55,027466
61,007076 6,5691276 55,043274
62,21198 6,2841544 55,059082
56,972347 6,389418 54,793793
50,638508 6,494682 54,5285
48,396454 6,5999455 54,26321
43,949192 2,6181552 53,28539
57,60347 2,372224 53,430225
43,429253 2,231573 53,181877
55,46663 2,1384277 53,451664
50,123737 2,0452824 53,721447
59,87554 1,952137 53,991234
55,19692 1,8589916 54,261017
56,268063 2,0341089 54,486393
65,484245 2,2738993 54,3316
50,673683 2,2717292 54,617004
65,24565 2,2695594 54,90241
50,08454 2,2673893 55,18781
59,431328 2,1682515 55,455452
49,569492 2,0691135 55,72309
58,141415 1,9699757 55,990734
51,4271 1,8708379 56,258373
54,746807 2,0801837 56,064377
65,17894 2,2756252 56,272373
58,545597 2,4710667 56,48037
42,038334 2,738027 56,581326
65,15141 2,9622953 56,404793
53,64976 3,0644019 56,671314
44,386543 3,1665084 56,937836
64,25928 3,36549 56,733227
52,008865 3,5644717 56,528614
60,88969 3,7634535 56,324
60,33491 3,962435 56,11939
51,24553 4,1614165 55,914776
50,34616 4,3603983 55,710163
49,177773 4,55938 55,505554
52,94617 4,758362 55,30094
59,437798 4,9573436 55,09633
58,45648 5,129194 55,324203
52,177513 5,0023947 55,579903
49,45348 4,875595 55,8356
64,75825 4,748796 56,0913
60,836887 4,6219964 56,347
42,102467 4,604873 56,631897
60,566692 4,58775 56,916794
60,696316 4,5706267 57,20169
57,838943 4,5535035 57,486588
44,476986 4,5363803 57,771484
61,27293 4,750087 57,582306
54,872112 4,9637933 57,393124
56,884083 5,1775002 57,203945
49,669357 4,9329915 57,05672
50,28012 4,6552215 56,991116
52,430527 4,471904 57,209873
58,485207 4,2885857 57,428627
65,0067 4,1052675 57,647385
53,922974 3,9497778 57,408047
64,11296 3,7942882 57,16871
60,674393 3,6387987 56,92937
42,32805 3,5885677 57,210327
65,3591 3,5383368 57,491283
57,401356 3,4881058 57,77224
50,91012 3,4378746 58,053196
64,4891 3,3876436 58,334152
63,30605 3,3374126 58,61511
62,460087 3,491616 58,37494
55,08176 3,6458194 58,134773
46,503082 3,6321425 58,419857
60,6592 3,6184657 58,70494
50,707775 3,6047888 58,990025
60,618435 3,6762128 59,266354
42,658417 3,7476368 59,542683
42,10191 3,585755 59,30762
50,761757 3,4238732 59,07256
64,60631 3,2619915 58,837498
55,662422 3,2896543 58,55343
47,027416 3,007749 58,59803
65,369965 2,7416549 58,494816
52,564514 2,4755607 58,391598
56,27584 2,2094665 58,28838
51,765797 1,9433721 58,185165
45,69296 1,6772778 58,081947
45,85239 1,4799104 57,87578
58,264324 1,282543 57,66961
59,72145 1,0851755 57,46344
49,569134 0,8878081 57,25727
51,396095 0,69044065 57,0511
60,36867 0,5363798 56,81084
50,722885 0,27305 56,70076
51,207348 0,018238584 56,829334
57,408195 0,28032005 56,942352
65,281296 0,5424015 57,05537
65,0311 0,79019094 56,91374
65,49302 0,50729305 56,87594
42,866436 0,22439522 56,838142
65,3486 59,941498 56,800346
59,07725 59,6586 56,762547
59,757202 59,3757 56,72475
46,622623 59,09198 56,75578
56,010414 58,811058 56,806187
43,566822 58,530132 56,856594
64,42199 58,249207 56,906998
49,15195 57,96828 56,957405
46,741123 57,687355 57,007812
43,168644 57,40643 57,05822
56,818855 57,125504 57,108624
54,644955 56,892986 56,94311
63,090363 56,695553 57,14922
44,322067 56,574814 57,407833
58,450283 56,839733 57,30164
48,056263 57,104794 57,407475
53,47076 57,369858 57,51331
58,01263 57,634922 57,619144
53,220413 57,899986 57,724983
63,16064 58,084198 57,942986
46,811974 58,26841 58,160988
53,207703 58,452625 58,37899
58,480602 58,636837 58,596996
59,35194 58,821053 58,815
53,18248 58,970272 59,058292
61,05295 58,908646 58,779613
44,840862 58,847015 58,500935
54,981995 58,62504 58,32153
43,088364 58,403065 58,14212
52,960007 58,18109 57,96271
59,946712 57,959118 57,783302
46,449947 57,737144 57,603893
56,043255 57,979992 57,45395
48,59785 58,222843 57,304005
61,98867 58,43066 57,10837
53,507687 58,43481 57,393753
63,25908 58,715782 57,443913
51,62782 58,99675 57,494072
52,575073 59,27772 57,544228
58,82977 59,45628 57,32157
55,990547 59,380634 57,046368
56,16933 59,304993 56,771164
47,46325 59,229347 56,495956
57,029694 59,169186 56,774956
42,57888 59,202267 57,058445
42,28089 59,235344 57,341934
47,660225 59,26842 57,625423
61,23945 59,3015 57,90891
54,021313 59,47826 58,133
47,95196 59,655018 58,35709
60,815895 59,64947 58,64245
48,042725 59,93393 58,619095
56,728527 59,784164 58,376133
49,29101 59,634403 58,133167
64,74079 59,48464 57,890205
47,49456 59,64365 58,12722
64,4593 59,802658 58,364235
65,291756 59,96167 58,601246
46,213543 0,120680094 58,83826
52,0616 0,2796902 59,075275
49,820175 0,4387003 59,31229
56,446465 0,7008561 59,425137
54,054256 0,9630119 59,53798
44,87055 1,2251678 59,650826
55,29111 1,4873235 59,76367
65,36493 1,7494793 59,87652
48,47831 1,4861042 59,98649
50,471626 1,2227293 60,09646
54,34269 0,9802168 60,24695
57,876045 0,7377043 60,39744
61,1816 0,589401 60,153584
62,590584 0,71900576 59,899296
45,787846 0,911601 59,68866
62,260113 1,1041963 59,478027
54,980762 1,0508587 59,197643
56,13811 1,2910233 59,043434
46,26522 1,5311878 58,88922
45,885963 1,6964707 58,65654
46,039547 1,6556742 58,939022
65,62316 1,4417123 59,12791
60,022495 1,2580243 59,34636
63,25736 1,0743365 59,564804
61,938854 0,8906486 59,78325
57,914425 0,7069607 60,001694
47,17119 0,6542415 60,282196
43,32068 0,6015223 60,562695
58,49621 0,31813693 60,528748
60,44957 0,04246329 60,45483
46,69808 59,76679 60,380913
43,176067 0,031041186 60,273064
51,075596 0,2952927 60,16522
44,093746 0,30605197 60,450428
49,512356 0,31681123 60,735634
57,492897 0,5969024 60,680782
43,232346 0,87699354 60,62593
62,246857 1,150315 60,708122
49,698853 0,943385 60,90469
64,69246 0,66369855 60,847813
50,180832 0,777054 61,109745
58,801926 0,8904095 61,37168
53,71067 1,003765 61,633617
46,759583 1,1171205 61,895554
60,51794 1,2425566 62,151924
60,81677 0,9847745 62,274433
58,29626 0,78711617 62,480324
58,40823 0,8778271 62,750935
63,515 0,96853805 63,02155
46,46837 1,059249 63,29216
53,433144 1,1499599 63,562775
52,373394 1,2406709 63,83339
50,414623 1,3313818 64,104004
50,386898 1,4831626 63,862293
56,4168 1,6349435 63,620586
45,636078 1,7867243 63,37888
52,22905 1,9385052 63,137173
57,106266 2,090286 62,895466
42,336273 2,3077996 62,710674
63,370403 2,5253134 62,525883
46,550743 2,243663 62,572067
53,963715 1,9620128 62,61825
65,57105 2,1667156 62,81714
50,40358 2,3714185 63,016026
48,915813 2,5761213 63,214916
52,257816 2,780824 63,413803
54,52016 2,9855268 63,61269
62,33208 3,251404 63,50892
42,18609 3,5172813 63,405144
45,225513 3,4797633 63,68808
49,773643 3,6723387 63,89873
44,63094 3,8649142 64,10938
42,383305 4,0574894 64,32004
56,614075 4,3342247 64,38988
51,3992 4,588128 64,25952
42,101086 4,463826 64,51644
61,923027 4,339524 64,77336
42,299175 4,215222 65,03028
54,78163 4,09092 65,28721
51,31764 3,966618 65,54413
48,375614 3,8423162 65,80105
62,42465 3,7180142 66,05797
54,755577 3,6730394 65,77612
65,82236 3,9072948 65,93917
43,761135 3,9717834 65,66114
49,703743 4,1061625 65,40935
44,274986 4,2405415 65,15755
46,208973 4,500795 65,04038
59,938755 4,406707 64,77092
47,53205 4,312619 64,501465
64,26689 4,2195864 64,771286
54,03775 4,126553 65,041115
54,637707 4,2016587 65,31647
62,91568 4,417712 65,12997
64,986465 4,633766 64,943474
55,12537 4,8498197 64,75698
43,84552 5,0658736 64,57048
47,05372 5,281927 64,38399
46,391106 5,497981 64,19749
59,149498 5,7140346 64,010994
42,948097 5,9661865 63,87728
49,008083 6,2183385 63,74357
48,827442 6,0223355 63,951035
50,17418 5,826333 64,1585
44,916145 6,080352 64,02837
49,31655 6,33437 63,89824
62,21231 6,588389 63,76811
60,08409 6,315545 63,684345
61,90494 6,2814713 63,967716
61,30144 6,247398 64,25108
51,893097 6,4096236 64,016266
65,8131 6,5718493 63,781437
58,33904 6,3328414 63,937435
43,10238 6,093833 64,09343
42,50359 5,8548245 64,24943
60,586002 5,615816 64,405426
52,84421 5,900924 64,392265
56,000694 5,9762244 64,11697
56,16462 6,1501074 63,89064
47,497684 6,32399 63,66431
59,630867 6,1422195 63,884354
51,815475 5,9604497 64,1044
53,12081 5,7786794 64,32444
64,34577 5,6036234 64,549866
50,852562 5,428567 64,77528
57,448868 5,172653 64,90165
50,125458 4,9167395 65,028015
45,499966 4,6608257 65,15438
51,010864 4,429273 65,32124
44,758907 4,1977205 65,488106
57,57865 3,9141507 65,455734
51,315723 3,6305807 65,42336
51,162476 3,3470109 65,39099
51,030655 3,3629618 65,106026
55,74556 3,245042 64,846115
57,72938 3,1271224 64,5862
43,396534 3,009203 64,32629
52,735497 2,8912833 64,066376
58,127308 2,7733638 63,80646
59,43731 2,4884655 63,823574
47,904034 2,756425 63,7253
62,808517 2,967348 63,91758
49,68347 2,6819448 63,91978
45,666515 2,4875395 63,710815
53,715675 2,293134 63,50185
60,753025 2,4869685 63,292355
51,144047 2,316081 63,06376
63,27714 2,1451938 62,83516
43,99243 1,9743063 62,60656
56,512558 2,2573218 62,569653
42,393787 2,5403373 62,53275
47,983788 2,8233528 62,495842
65,691635 3,0489118 62,670723
53,64361 2,790876 62,792694
43,014824 2,5328398 62,914665
59,467655 2,2748039 63,03664
61,03962 2,016768 63,15861
55,371582 1,7819494 63,320847
47,040714 1,5471308 63,48308
62,855995 1,3123122 63,645313
56,633396 1,0774937 63,80755
45,541405 1,1532744 63,532383
52,24463 1,2290553 63,257214
64,14273 1,3048362 62,982048
43,708393 1,5706019 62,877987
51,566887 1,7881477 62,693233
56,501427 1,596912 62,905106
43,63053 1,5482576 62,62387
48,097744 1,8334082 62,636074
61,33496 1,6855913 62,391922
43,34873 1,4001813 62,390953
49,495117 1,3231213 62,116142
62,077732 1,2460612 61,841328
53,82027 1,1690011 61,566517
63,331676 1,2366018 61,843807
45,44078 1,3042026 62,121098
60,440506 1,3718033 62,398388
59,81789 1,1049924 62,29704
46,57484 0,8381814 62,19569
61,236023 0,5713705 62,09434
58,493736 0,42316145 61,850426
55,99091 0,27495244 61,60651
47,1134 0,12674342 61,3626
55,64963 59,845543 61,411446
63,472008 59,564342 61,460293
45,200848 59,283142 61,509136
55,4834 59,00194 61,557983
46,60404 58,72074 61,60683
63,492477 58,43954 61,655678
55,469704 58,158337 61,704525
47,13046 57,877136 61,753372
62,82604 57,595936 61,802216
46,489704 57,842976 61,65928
55,603985 58,090015 61,51634
60,04012 58,337055 61,373398
46,334415 58,58409 61,23046
47,687576 58,83113 61,08752
48,606373 59,07817 60,94458
47,11582 59,341476 61,054714
54,703976 59,604782 61,164852
43,068966 59,413918 60,952644
42,33501 59,223057 60,74044
42,174435 59,10022 60,998066
60,856018 59,195713 61,26703
63,38221 59,291203 61,53599
56,29554 59,029095 61,42304
46,23852 58,766983 61,31009
44,266216 58,504875 61,197136
60,34588 58,242764 61,084183
44,593197 57,98065 60,97123
49,44061 57,718544 60,85828
49,51183 57,456432 60,745327
46,615307 57,404007 60,46477
46,17157 57,288464 60,72575
64,138306 57,545616 60,60193
45,05527 57,341206 60,40274
51,28258 57,136795 60,20355
49,66612 56,88136 60,33087
56,07987 56,62592 60,45819
59,445713 56,385693 60,304077
54,09264 56,67099 60,3122
56,15306 56,956287 60,32032
62,27766 57,192963 60,16081
62,41671 57,42964 60,001297
60,567738 57,666317 59,841785
54,28567 57,902992 59,682274
55,67799 58,13967 59,522762
46,955284 58,376347 59,36325
62,05898 58,132877 59,512188
42,682175 58,36605 59,676777
62,964336 58,599228 59,841366
56,07094 58,61402 59,55634
50,628662 58,62882 59,27131
52,229637 58,782887 59,031055
50,593575 58,93696 58,790802
62,916462 59,089878 59,031788
64,836525 59,2428 59,272774
51,030746 59,469563 59,44609
44,72676 59,696327 59,619408
59,85606 59,964333 59,717556
63,81136 59,729427 59,555447
65,19738 59,72791 59,840855
42,456455 59,503246 59,66483
59,710823 59,27858 59,4888
58,862312 59,053917 59,312775
53,32875 58,82925 59,136745
55,66319 58,604584 58,96072
50,773403 58,881134 59,031284
51,38013 59,15769 59,101852
65,406166 59,372036 58,913403
65,33836 59,586388 58,724953
46,655422 59,80074 58,536503
46,833775 59,53033 58,627823
48,357986 59,809235 58,56721
44,795475 59,83238 58,851685
54,370155 59,855522 59,136154
60,441666 59,87867 59,420628
50,57082 59,901814 59,705097
47,675217 59,924957 59,98957
42,35615 59,980827 59,70968
48,64113 0,036694083 59,42979
62,067863 0,09256179 59,1499
60,75365 0,1484295 58,87001
52,45851 0,14162585 59,15534
50,971752 0,13482222 59,44067
56,90252 0,4202219 59,443287
43,162178 0,7056216 59,4459
55,443394 0,9910213 59,448517
58,5285 1,276421 59,451134
49,62745 1,4993768 59,629322
50,79424 1,7223325 59,807507
52,88015 1,498486 59,63044
57,996944 1,2746396 59,453373
45,81027 1,0507933 59,276306
57,031044 0,82694685 59,09924
43,613216 1,1052428 59,162575
56,063343 1,3835388 59,225906
44,831272 1,171795 59,417282
61,46964 1,1542935 59,13241
57,383804 1,1174629 59,415432
48,851456 1,0806321 59,69846
52,96465 1,0438014 59,981483
62,950478 1,0069708 60,26451
56,307068 0,97014 60,547535
59,627853 0,9333093 60,83056
64,23572 0,8964786 61,113586
57,766712 0,85964787 61,39661
64,841515 0,8228172 61,679638
53,741257 0,7859865 61,96266
60,116383 0,74915576 62,245686
62,81349 0,71232504 62,528713
54,93152 0,6754944 62,811737
63,717796 0,63866365 63,09476
55,29123 0,6018329 63,37779
53,872177 0,56500226 63,660812
42,87854 0,28002393 63,676537
64,145805 0,41633236 63,425777
48,862366 0,5526408 63,17502
50,15842 0,6889492 62,92426
48,831806 0,8252576 62,6735
57,491177 0,9817324 62,912197
62,673473 1,0339711 63,192787
46,751087 1,0862098 63,473377
55,35499 1,1294491 63,19126
65,43116 1,3300545 62,98824
49,123684 1,5306599 62,78522
62,7594 1,2796395 62,921043
43,427605 1,0286189 63,05687
64,42192 0,85259837 62,8322
58,781845 0,7082195 62,586
52,951366 0,56384075 62,339798
46,281628 0,4194619 62,093597
60,957146 0,2750831 61,8474
51,70635 0,13070428 61,6012
53,07792 59,986324 61,355
51,014008 0,016276477 61,638836
59,071896 0,26001236 61,490334
48,152878 0,50374824 61,34183
59,2619 0,7474841 61,19333
48,398792 0,5943179 61,434162
50,21871 0,44115174 61,674995
64,23083 0,28798556 61,915825
60,565 0,13481939 62,15666
48,49173 59,98165 62,397488
60,77636 59,828487 62,63832
55,6313 59,55189 62,567936
49,746677 59,773094 62,748295
44,048206 59,70376 62,47143
51,873764 59,634422 62,19457
64,82772 59,565086 61,91771
54,37689 59,656242 61,647243
64,129524 59,92731 61,736576
48,762115 0,19838338 61,82591
65,54771 0,3080453 61,562405
56,75238 0,1496793 61,32496
54,057693 0,43317208 61,358
56,895844 0,6857655 61,225124
56,21091 0,9383589 61,092247
52,017952 0,9015305 61,37527
47,19654 0,8647021 61,658295
51,300373 0,6096209 61,53026
47,02016 0,3545398 61,40222
60,461254 0,099458665 61,274185
54,605377 59,859726 61,1193
62,12168 59,619995 60,96442
59,20916 59,380264 60,809536
45,760117 59,520596 61,058067
61,82501 59,272533 60,916912
46,188824 59,106174 60,684998
42,830994 58,93981 60,453083
56,85136 58,773453 60,22117
46,364693 59,041847 60,12409
60,80562 59,31024 60,027008
48,263878 59,336823 60,31118
46,03865 59,363407 60,595352
