0
62,198154 39,031055 45,8528
63,08165 39,49706 45,480927
50,768974 39,96306 45,10905
60,58407 40,429058 44,73718
55,831055 40,895058 44,365303
61,714436 41,36106 43,99343
18,525797 41,82706 43,621555
38,072227 42,29306 43,249683
48,8216 42,759064 42,877808
59,411995 43,225063 42,505936
31,891703 43,691063 42,13406
57,190453 44,157063 41,762188
60,529427 44,623066 41,390312
66,70385 45,089066 41,01844
47,655968 45,555065 40,646564
14,327822 46,021065 40,274693
60,26341 46,48707 39,902817
46,923237 46,953068 39,530945
52,59438 47,419067 39,15907
28,696373 47,88507 38,787197
60,0084 48,35107 38,41532
55,91781 48,81707 38,04345
23,207882 49,28307 37,671574
18,889408 49,749073 37,2997
46,306614 50,215073 36,927826
60,82816 50,681072 36,555954
57,60902 51,147076 36,18408
19,48328 51,613075 35,812206
17,141827 52,079075 35,44033
29,94544 52,545074 35,06846
37,527798 53,011078 34,696583
61,015865 53,477077 34,32471
31,471449 53,46667 34,92081
58,021233 53,45626 35,516914
58,898983 53,445854 36,113018
28,176739 53,435448 36,70912
47,263515 53,42504 37,30522
66,02314 53,414635 37,901325
42,818665 53,404224 38,49743
17,07538 53,393818 39,093533
53,147755 53,38341 39,689632
35,673428 53,373005 40,285736
33,091404 53,362595 40,88184
26,066803 53,35219 41,477943
38,734005 53,34178 42,074043
42,141624 53,331375 42,670147
65,42055 53,320965 43,26625
30,935387 53,31056 43,862354
29,010868 53,30015 44,458454
38,013573 53,289745 45,054558
43,642754 53,27934 45,65066
60,23477 53,26893 46,246765
24,569744 53,258522 46,842865
42,019928 53,248116 47,43897
58,971153 53,23771 48,035072
61,55893 53,2273 48,631176
63,98568 53,216892 49,227276
49,835793 53,206486 49,82338
18,614561 53,19608 50,419483
64,13735 53,18567 51,015587
23,558296 53,175262 51,611687
65,61865 53,164856 52,20779
34,90427 53,15445 52,803894
20,944689 53,144043 53,399998
20,468145 53,133633 53,996098
20,80052 53,123226 54,5922
26,704592 53,11282 55,188305
18,167408 53,102413 55,78441
39,250065 53,092003 56,38051
59,50161 53,081596 56,976612
64,938675 53,07119 57,572716
46,917557 53,060783 58,16882
51,13962 53,050373 58,76492
15,579884 53,039967 59,361023
48,50616 53,02956 59,957127
51,936184 53,019154 60,55323
26,295477 53,008747 61,14933
40,186237 52,998337 61,745434
54,123775 52,98793 62,341537
17,077467 52,977524 62,93764
59,352013 52,967117 63,53374
48,13775 52,956707 64,129845
27,06558 52,9463 64,725945
22,214817 52,935894 65,32205
35,20511 52,925488 65,91815
22,678877 52,915077 66,51426
56,83213 53,216618 67,02857
43,797775 53,518158 67,54289
65,94992 53,819695 68,057205
41,108917 54,121235 68,57152
16,86473 54,42277 69,08584
19,867168 54,72431 69,60015
54,66873 55,025852 70,11447
48,666264 55,32739 70,628784
57,28544 55,62893 71,143105
47,263817 55,930466 71,65742
40,66858 56,232006 72,17174
43,58819 56,533546 72,68605
53,901264 56,835083 73,20036
61,58935 57,136623 73,71468
41,43649 57,43816 74,229
52,472736 57,7397 74,74332
54,361416 58,04124 75,25763
46,112038 58,342777 75,77195
22,8888 58,644318 76,28626
61,874176 58,945854 76,80058
39,48591 59,247395 77,314896
54,11073 59,548935 77,82921
21,133154 59,85047 78,34353
17,570797 0,15201133 78,85784
59,17539 0,45355016 79,37216
41,371906 0,75508904 79,886475
42,072 1,0566279 0,40079236
61,129063 1,3581667 0,9151085
63,88611 1,6597055 1,4294246
16,788273 1,9612443 1,9437407
34,95818 2,2627833 2,458057
65,83518 2,564322 2,972373
57,306293 2,865861 3,4866893
26,319963 3,4333344 3,3038762
27,665672 4,000808 3,1210632
61,904224 4,5682817 2,9382503
34,03283 5,135755 2,7554374
34,287308 5,7032285 2,5726244
15,847205 6,270702 2,3898115
29,888462 6,838176 2,2069986
26,285566 7,405649 2,0241857
45,299133 7,9731226 1,8413727
19,853905 8,540596 1,6585598
13,792729 9,108069 1,4757468
33,22876 9,675543 1,2929338
26,9181 10,243016 1,1101209
30,616402 10,810491 0,92730796
23,997028 11,377964 0,74449503
13,61548 11,945437 0,56168205
46,55804 12,512911 0,37886912
36,466602 13,080384 0,19605619
39,775238 13,647858 0,013243233
61,00332 14,215331 79,83043
37,455322 14,7828045 79,64761
55,581898 15,350279 79,464806
20,415815 15,917752 79,28199
43,75905 16,485226 79,09918
31,033592 17,052698 78,91637
39,711735 17,620173 78,73355
40,70594 18,187647 78,55074
53,749184 18,75512 78,36793
13,564265 19,322594 78,18511
20,953588 19,890066 78,002304
38,207184 20,45754 77,81949
51,605125 21,025013 77,63667
31,077843 21,592487 77,453865
25,993921 22,15996 77,27105
18,20297 22,727434 77,088234
15,106496 23,294909 76,905426
50,12904 23,862381 76,72261
48,88106 24,429855 76,539795
15,445633 24,997328 76,35699
27,67313 25,564802 76,17417
63,87053 26,132275 75,991356
64,04634 26,699749 75,80855
39,882275 27,267221 75,62573
26,406649 27,834696 75,44292
31,738434 28,40217 75,26011
53,0402 28,755667 75,7402
22,87009 29,109163 76,22029
19,109327 29,46266 76,70038
65,19018 29,816156 77,180466
34,310577 30,169653 77,66056
52,207493 30,52315 78,14065
53,8353 30,876646 78,62074
30,077953 31,230143 79,10083
56,507492 31,58364 79,580925
57,87817 31,937136 0,061011948
66,641815 32,29063 0,54110247
13,679441 32,644127 1,021193
32,99064 32,997627 1,5012835
23,331842 33,351124 1,981374
18,457346 33,70462 2,4614646
24,235119 34,058117 2,9415553
29,655457 40,421055 11,583185
57,294395 40,77455 12,063275
59,781487 41,128048 12,5433655
21,172337 41,481544 13,023457
24,163755 41,83504 13,503547
54,073704 42,01368 12,934745
42,03344 42,192314 12,365943
54,101696 42,370953 11,797141
45,265057 42,549587 11,228339
23,647902 42,728226 10,659537
40,041965 42,906864 10,090735
50,44439 43,0855 9,521934
58,062572 43,264137 8,953132
55,204327 43,442776 8,38433
50,05799 43,62141 7,8155284
33,951595 43,80005 7,2467265
52,23487 43,978687 6,6779246
21,258429 44,157322 6,1091228
15,334799 44,33596 5,540321
56,488464 44,5146 4,971519
26,277819 44,693233 4,402717
43,46339 44,871872 3,8339155
37,566677 45,05051 3,2651136
66,52491 45,229145 2,6963117
63,17474 45,407784 2,1275098
19,544777 45,586422 1,558708
53,71203 45,765057 0,9899061
44,054993 45,943695 0,42110425
53,27173 46,122334 79,8523
36,311287 46,30097 79,2835
62,694546 46,479607 78,7147
13,78632 46,65824 78,1459
23,45808 46,83688 77,577095
33,092678 47,01552 77,00829
49,797337 47,194153 76,43949
29,27864 47,37279 75,87069
65,79147 47,55143 75,30189
52,41109 47,730064 74,733086
61,217297 47,908703 74,16428
18,960243 48,08734 73,59548
55,759697 48,265976 73,02668
60,937935 48,444614 72,45788
64,52382 47,98573 72,83849
17,702494 47,52684 73,21912
63,97169 47,067955 73,59973
55,71845 46,609066 73,98035
39,28131 46,15018 74,36097
28,793106 45,691296 74,741585
24,915075 45,232407 75,1222
58,025814 44,77352 75,502815
17,18944 44,314632 75,88344
14,4578495 43,855747 76,26405
30,374802 43,396862 76,64467
32,64306 42,937973 77,02529
59,176006 42,479088 77,40591
61,359333 42,0202 77,78652
39,275948 41,561314 78,167145
36,542583 41,10243 78,54776
33,438374 40,64354 78,928375
37,70003 40,184654 79,309
66,65953 39,725765 79,68961
41,720592 39,26688 0,07023
33,835747 38,807995 0,4508476
56,94354 38,349106 0,8314652
55,97137 37,89022 1,2120827
62,367332 37,43133 1,5927004
28,0871 36,972446 1,973318
26,385931 36,51356 2,3539355
16,913399 36,054672 2,734553
55,64916 25,959166 11,10814
50,760353 25,500278 11,488757
36,154564 25,041391 11,869375
48,948532 24,582504 12,249992
32,851467 24,123617 12,63061
57,725616 23,664732 13,011228
62,853523 23,205845 13,391846
57,82309 22,746958 13,772463
29,057112 22,28807 14,153081
19,574404 21,829184 14,533698
48,13588 21,370298 14,914316
50,94243 20,911411 15,294933
33,259617 20,452524 15,675551
61,463886 19,993637 16,05617
33,37084 19,53475 16,436787
20,714994 19,075865 16,817404
48,01109 18,616978 17,19802
29,22839 18,15809 17,578638
32,596306 18,693111 17,841696
29,606947 19,228132 18,104753
46,829132 19,763153 18,367811
39,042515 20,298174 18,630869
17,652925 20,833195 18,893927
30,398954 21,368216 19,156984
35,419823 21,903238 19,420042
34,750164 22,43826 19,6831
21,63498 22,97328 19,946157
17,062963 23,5083 20,209215
20,196259 24,043322 20,472273
39,52632 24,578342 20,73533
28,84006 25,113363 20,998388
19,964727 25,648384 21,261446
49,035957 26,183405 21,524504
39,960514 26,718426 21,787561
28,917416 27,253447 22,05062
38,14339 27,788467 22,313677
26,214512 28,323488 22,576735
31,677464 28,858511 22,839792
52,3619 29,393532 23,10285
27,67207 29,928553 23,365908
64,396996 30,463573 23,628965
48,07562 30,998594 23,892023
58,53379 31,533615 24,15508
31,772327 32,068638 24,418139
17,599865 32,603657 24,681196
24,096085 33,13868 24,944254
58,059055 33,6737 25,207312
57,798344 34,20872 25,470367
36,305298 34,74374 25,733425
21,464151 35,278763 25,996483
57,913277 35,81378 26,25954
19,05763 36,348804 26,522598
18,153357 36,883823 26,785656
64,09364 37,418846 27,048714
22,743431 37,953865 27,311771
19,085257 38,488888 27,57483
37,494328 39,02391 27,837887
29,39617 39,55893 28,100945
59,43184 40,093952 28,364002
32,03634 40,62897 28,62706
30,72729 41,163994 28,890118
54,687546 41,699013 29,153175
23,15477 42,234035 29,416233
36,914997 42,769054 29,67929
40,605976 43,304077 29,942348
48,330307 43,839096 30,205406
16,24216 44,37412 30,468464
62,805283 44,909138 30,731522
22,739191 45,44416 30,99458
29,10673 45,979183 31,257637
36,58935 46,514202 31,520695
46,120316 47,049225 31,783752
60,1661 47,584244 32,04681
17,961548 48,119267 32,309868
58,626945 48,654285 32,572926
59,936935 49,18931 32,835983
16,133625 49,724327 33,09904
48,90675 50,25935 33,3621
14,101801 50,79437 33,625156
36,33088 51,32939 33,888214
35,857323 51,86441 34,15127
18,529387 52,399433 34,41433
14,173613 52,934456 34,677387
52,88061 53,469475 34,940445
39,69141 54,004498 35,203503
21,594894 54,539516 35,46656
37,97971 55,07454 35,729618
62,15437 55,60956 35,992676
21,989986 56,14458 36,255733
58,285454 56,6796 36,51879
47,873566 57,214622 36,78185
54,648487 57,74964 37,044907
24,386412 58,284664 37,307964
41,225597 58,501804 36,752716
64,01142 58,718945 36,19747
17,556883 58,936085 35,642227
51,667015 59,153225 35,086983
31,316982 59,370365 34,53174
62,40142 59,587505 33,976494
35,04222 59,80465 33,42125
27,312414 0,021788279 32,866005
60,64175 0,23892884 32,31076
31,027777 0,4560694 31,755514
17,159124 0,67320997 31,20027
37,72302 0,8903505 30,645025
65,962036 0,8196428 31,237011
16,832798 0,7489351 31,828997
22,325695 0,67822737 32,420982
21,761246 0,6075197 33,01297
22,566807 0,53681195 33,604954
22,433422 0,46610427 34,19694
62,969704 0,39539656 34,788925
15,294784 0,32468885 35,380913
50,3506 0,2539811 35,972897
30,05568 0,18327342 36,564884
36,56387 0,11256571 37,156868
27,37505 0,041858 37,748856
29,906385 59,97115 38,34084
37,249027 59,900444 38,932827
20,261951 59,829735 39,52481
35,713577 59,759026 40,1168
32,747375 59,68832 40,708782
25,08385 59,61761 41,30077
51,574635 59,546906 41,892757
44,094864 59,476196 42,48474
47,627785 59,405487 43,07673
25,182863 59,33478 43,668713
23,86798 59,264072 44,2607
52,553448 59,193367 44,852684
38,126167 59,122658 45,44467
20,416813 59,05195 46,036655
35,12041 58,981243 46,628643
25,242603 58,910534 47,220627
40,844868 58,83983 47,812614
64,481606 58,76912 48,4046
45,21523 58,69841 48,996586
32,736256 58,627705 49,58857
27,028906 58,556995 50,180557
50,62223 58,48629 50,77254
23,899517 58,41558 51,36453
59,55473 58,34487 51,956512
17,059114 58,274166 52,5485
25,82146 58,203457 53,140488
63,38751 58,13275 53,73247
57,156693 58,062042 54,32446
36,122677 57,991333 54,916443
45,2585 58,193115 55,47745
36,345272 58,394894 56,038464
35,986446 58,596676 56,599472
56,663048 58,798454 57,16048
14,176784 58,825603 57,756058
56,031075 58,852753 58,35163
39,878883 58,8799 58,947205
54,44001 58,907047 59,54278
14,220606 58,934196 60,138355
20,538687 58,961346 60,733932
42,929142 58,988495 61,329506
12,98925 59,01564 61,925083
18,433111 59,04279 62,520657
42,10714 59,06994 63,116234
44,475506 59,097088 63,711807
15,394369 59,124237 64,30738
57,79136 59,151382 64,902954
64,26574 59,17853 65,498535
48,18915 59,20568 66,09411
27,124481 58,61111 66,050156
34,087437 58,01654 66,006195
60,122074 57,421967 65,96224
31,338223 56,827396 65,91829
59,269104 56,232826 65,87433
17,779182 55,638256 65,830376
63,640125 55,043686 65,78642
53,88534 54,449112 65,74246
44,049755 53,85454 65,69851
53,324863 53,25997 65,65456
14,930055 52,6654 65,610596
54,262413 52,070827 65,56664
51,820137 51,476257 65,52269
34,247963 50,881687 65,47873
47,868015 50,287117 65,43478
13,776715 49,692543 65,39082
59,534843 49,097973 65,34686
65,95787 48,503403 65,30291
16,658012 47,908833 65,25896
14,965778 47,314262 65,215
44,78461 46,71969 65,17104
64,06592 46,12512 65,12709
38,01466 45,53055 65,08313
50,400078 44,935978 65,03918
27,111876 44,341404 64,995224
36,002712 43,746834 64,95126
66,12971 43,152264 64,90731
59,2725 42,557693 64,86336
33,27914 41,963123 64,8194
57,5701 41,36855 64,775444
44,0226 40,77398 64,73149
17,134432 40,17941 64,68753
30,412966 39,58484 64,64358
45,513184 38,990265 64,599625
36,321754 38,395695 64,55567
25,18859 37,801125 64,51171
45,79657 37,206554 64,46776
32,44875 36,611984 64,423805
30,97364 36,01741 64,379845
36,198032 35,42284 64,33589
59,933002 34,82827 64,29194
49,933674 34,2337 64,24798
25,428383 33,639126 64,204025
51,123043 33,044556 64,16007
26,152147 32,449986 64,11611
30,109215 31,855415 64,07216
57,89896 31,260843 64,028206
20,04464 30,666273 63,98425
60,68429 30,071701 63,940292
42,20688 29,47713 63,896336
19,141394 28,882559 63,852383
39,385933 28,287989 63,808426
53,57165 27,693417 63,76447
63,849667 27,098846 63,720516
62,054955 26,504274 63,67656
52,09012 25,909704 63,632603
62,44277 25,315134 63,58865
60,735107 24,720562 63,544693
18,847338 24,125992 63,500736
46,266964 23,53142 63,456783
13,220032 22,93685 63,412827
31,934752 22,342278 63,36887
14,966197 21,747707 63,324917
39,666706 21,153135 63,28096
42,88513 20,558565 63,237003
14,295194 19,963995 63,19305
17,04084 19,369423 63,149094
65,39194 18,774853 63,10514
35,272736 18,18028 63,061184
52,875816 17,58571 63,017227
46,734688 16,991138 62,973274
64,9074 16,396568 62,929317
34,717834 15,801997 62,88536
50,20827 15,207426 62,841408
62,054462 14,612855 62,79745
38,25851 14,018284 62,753494
61,62697 13,423713 62,70954
66,213806 12,829142 62,665585
27,514627 12,2345705 62,621628
61,658066 11,64 62,577675
19,497095 11,045429 62,53372
40,061897 10,450858 62,48976
62,404564 9,856287 62,44581
65,05113 9,261716 62,40185
19,75538 8,667145 62,357895
44,078403 9,199999 62,625317
26,484455 9,732852 62,89274
45,739178 10,265706 63,160156
61,54049 10,798559 63,427578
45,90696 11,331413 63,695
55,646214 11,864267 63,96242
59,021336 12,39712 64,22984
40,49268 12,929975 64,49726
47,179173 13,462828 64,76468
59,607597 13,995682 65,032104
29,347996 14,528535 65,29952
47,956818 15,061389 65,56694
24,948076 15,594243 65,834366
24,612757 16,127096 66,10178
31,808332 16,65995 66,3692
20,31108 17,192804 66,63663
51,093903 17,725657 66,904045
14,502347 17,57942 66,326065
31,008047 17,433182 65,748085
15,640941 17,286945 65,170105
17,528587 17,140707 64,592125
59,442547 16,994469 64,014145
41,2273 16,848232 63,43616
30,41098 16,701994 62,85818
55,885033 16,555758 62,2802
51,17789 16,40952 61,70222
65,55871 16,26328 61,12424
64,99787 16,117044 60,54626
38,50533 15,970806 59,96828
45,243828 15,824569 59,3903
61,477997 15,678331 58,81232
64,43854 15,532093 58,23434
40,931324 15,385856 57,65636
27,457264 15,239618 57,078377
61,290154 15,093381 56,500397
39,117237 14,947143 55,922417
38,626003 14,800905 55,344437
46,626396 14,654668 54,766457
29,66633 14,5084305 54,188477
24,348043 2,7207258 32,216995
14,1373205 2,178232 31,969715
63,64892 1,6357381 31,722437
44,476948 1,0932443 31,475157
38,79232 0,55075055 31,227877
39,32871 0,00825678 30,980597
26,917645 59,465763 30,733316
31,460026 58,923267 30,486038
38,686546 58,380775 30,238758
63,987534 57,83828 29,991478
48,266777 57,295788 29,744198
32,99936 56,753296 29,49692
25,811289 56,2108 29,24964
41,33784 55,66831 29,00236
34,299072 55,125813 28,75508
21,62385 54,58332 28,5078
57,98268 54,040825 28,26052
25,803123 53,498333 28,01324
20,349014 52,955837 27,76596
27,666592 52,413345 27,51868
58,240967 51,87085 27,271402
27,957289 51,328358 27,024122
29,808464 50,785862 26,776842
49,212822 50,24337 26,529562
20,266306 49,700874 26,282282
47,612865 49,158382 26,035004
49,015472 48,615887 25,787724
22,602524 48,073395 25,540443
25,156069 47,5309 25,293163
26,343725 46,988407 25,045883
23,766205 46,44591 24,798605
31,910625 45,90342 24,551325
36,148663 45,360924 24,304045
65,99055 44,81843 24,056765
65,960526 44,275936 23,809486
38,98286 43,78429 24,146727
22,21625 43,292645 24,483967
55,49602 42,801 24,821207
34,973866 42,309353 25,15845
35,424538 41,817707 25,49569
57,6982 41,326065 25,83293
32,071766 40,83442 26,170172
55,23024 40,342773 26,507412
58,67869 39,851128 26,844652
34,273777 39,35948 27,181894
16,393204 38,867836 27,519135
34,868332 38,37619 27,856375
55,54704 37,884544 28,193617
53,78943 37,3929 28,530857
45,322857 36,901253 28,868097
35,783573 36,409607 29,20534
34,77687 35,91796 29,54258
35,813255 35,426315 29,87982
59,28527 34,93467 30,217062
46,08582 34,443024 30,554302
23,826736 33,951378 30,891542
55,172443 33,459732 31,228785
16,284014 32,968086 31,566025
58,38396 32,476444 31,903265
45,54772 31,984797 32,240505
35,363968 31,49315 32,577747
57,042534 31,001505 32,91499
61,38423 30,509861 33,252228
19,159103 30,018215 33,58947
23,68206 29,52657 33,926712
40,57166 29,034924 34,26395
47,568768 28,543278 34,601192
60,630333 27,9565 34,49566
15,564995 27,36972 34,390125
44,835728 26,782942 34,28459
29,573092 26,196161 34,179058
66,50747 25,609383 34,073524
37,331165 25,022604 33,96799
32,15128 24,435825 33,862457
59,57772 23,849047 33,756924
24,857368 23,262268 33,65139
33,786133 22,67549 33,545856
33,50079 13,873806 31,962854
18,706066 13,287026 31,85732
38,43285 12,700248 31,751787
20,337337 12,113469 31,646254
62,590645 11,5266905 31,54072
21,125996 10,939911 31,435186
15,155177 10,353132 31,329653
19,494408 9,766354 31,22412
66,08481 9,179575 31,118586
38,649055 8,592795 31,013054
37,933834 8,006017 30,90752
32,17087 7,419238 30,801987
15,367377 6,832459 30,696453
38,51359 6,2456803 30,59092
24,967636 5,658901 30,485386
63,643604 5,0721226 30,379852
32,849194 4,4853435 30,274319
58,388706 3,8985648 30,168785
62,19615 3,311786 30,063251
35,575886 2,725007 29,957718
26,512905 2,1382282 29,852184
25,3326 1,5514493 29,74665
14,742381 0,9646704 29,641117
55,80269 0,37789154 29,535583
55,04455 59,79111 29,43005
56,984802 59,204334 29,324516
65,753494 58,617554 29,218983
23,840544 58,030777 29,11345
18,234343 57,443996 29,007915
58,237926 56,85722 28,902382
30,846262 56,27044 28,79685
28,296988 55,683662 28,691317
24,584108 55,09688 28,585783
22,489023 54,5101 28,48025
44,2216 53,923325 28,374716
46,799835 53,336544 28,269182
57,704285 52,749767 28,163649
39,01644 52,162987 28,058115
61,15417 51,57621 27,952581
54,92073 50,98943 27,847048
51,3374 50,40265 27,741514
43,679962 49,815872 27,63598
46,620304 49,22909 27,530447
50,014854 48,642315 27,424913
43,69269 48,055534 27,31938
62,993137 47,468758 27,213846
43,273033 46,881977 27,108313
47,349476 46,2952 27,002779
41,426426 45,70842 26,897245
47,263912 45,12164 26,791712
24,824265 44,534863 26,68618
65,54411 43,948082 26,580647
44,053757 43,361305 26,475113
15,952436 42,774525 26,36958
46,145065 42,187748 26,264046
24,194746 41,600967 26,158512
47,427025 41,014187 26,052979
14,442907 40,42741 25,947445
31,243155 39,84063 25,841911
28,005608 39,253853 25,736378
19,765661 38,667072 25,630844
40,477303 38,080296 25,52531
20,491749 38,50821 25,110178
64,692764 38,936127 24,695045
24,499496 39,36404 24,279913
24,830456 39,791954 23,86478
59,33665 40,21987 23,449648
55,30819 40,647785 23,034513
23,863781 41,075703 22,61938
64,4701 41,503616 22,204248
29,274824 41,381496 21,620697
53,865566 41,259373 21,037146
65,04368 41,13725 20,453592
53,119663 41,01513 19,87004
52,81058 40,893005 19,28649
35,69472 40,770885 18,702938
13,48978 40,64876 18,119385
47,59703 40,526638 17,535833
37,678814 40,40452 16,952282
32,14959 37,47358 2,9470336
23,96133 37,35146 2,3634818
19,310385 37,229336 1,7799298
33,27623 37,107216 1,1963778
55,634438 36,985092 0,6128258
34,07241 36,86297 0,02927385
31,543484 36,74085 79,445724
29,286682 36,618725 78,86217
39,94598 36,4966 78,27862
65,928474 36,37448 77,69507
61,634777 36,252357 77,11151
34,120586 36,130234 76,52796
28,870306 36,008114 75,94441
40,21185 35,88599 75,360855
42,020615 35,76387 74,777306
54,959175 35,641747 74,193756
61,50484 35,519623 73,6102
51,722218 35,397503 73,02665
17,646727 35,27538 72,4431
61,23367 35,153255 71,85954
24,781 35,031136 71,27599
42,41325 34,90901 70,692444
19,074734 34,786892 70,10889
50,87965 34,66477 69,52534
60,829834 34,542645 68,94179
49,079426 34,420525 68,35823
26,510935 34,2984 67,77468
40,70195 34,176277 67,19113
39,8108 34,054157 66,60758
23,87662 33,932034 66,024025
48,505085 33,80991 65,440475
61,76025 33,68779 64,856926
65,47965 33,565666 64,27337
31,423903 34,148903 64,397
20,112444 34,732136 64,52063
38,98811 35,315372 64,64426
53,393272 35,87937 64,83752
14,994645 36,443375 65,03078
39,087833 37,007374 65,22404
39,47747 37,571377 65,4173
27,45517 38,13538 65,61055
42,074635 38,69938 65,80381
40,665318 39,263382 65,99707
39,526714 39,82738 66,19033
40,27862 40,391384 66,38359
55,629715 40,955387 66,57685
58,874157 41,519386 66,77011
13,662225 42,08339 66,96337
19,943703 42,26378 66,39512
33,027115 42,444164 65,82687
49,370552 42,624554 65,25862
28,340555 42,804943 64,69038
48,500908 42,985332 64,12212
58,831337 43,165718 63,553875
48,59383 43,346107 62,985626
54,906055 43,526497 62,417377
35,448715 43,706886 61,84913
64,101875 43,88727 61,28088
28,94574 44,06766 60,71263
31,798044 44,24805 60,144382
34,68471 44,42844 59,576134
23,616741 44,608826 59,007885
45,222584 45,146347 58,749973
13,896999 44,87234 58,220478
14,515305 44,59833 57,690983
32,28038 44,324326 57,161488
48,865696 44,050316 56,63199
59,87373 43,776306 56,102493
29,331604 43,5023 55,572998
33,781963 43,22829 55,0435
22,413492 42,954285 54,514004
64,93922 42,680275 53,98451
32,65501 42,40627 53,455013
42,833687 42,13226 52,925514
25,179502 41,85825 52,39602
66,56009 41,584244 51,866524
64,921776 41,310234 51,33703
14,788304 41,03623 50,80753
26,95082 40,76222 50,278034
58,410873 40,48821 49,74854
48,890827 40,214203 49,21904
55,32489 39,940193 48,689545
28,283125 39,666187 48,16005
41,44167 39,392178 47,630554
43,808918 39,118168 47,101055
36,572823 38,844162 46,57156
41,98928 38,570152 46,042065
20,938898 38,296146 45,51257
37,917587 38,022137 44,98307
39,469727 37,748127 44,453575
24,14113 37,47412 43,92408
45,620625 37,20011 43,394585
51,20705 36,926105 42,865086
57,317173 36,652096 42,33559
49,013836 36,378086 41,806095
21,657473 36,10408 41,276596
42,570137 35,83007 40,7471
45,152332 35,556065 40,217606
13,650473 35,282055 39,68811
16,361675 35,008045 39,15861
43,560856 34,73404 38,629116
14,201522 34,46003 38,09962
54,17782 34,186024 37,570126
58,13406 33,912014 37,040627
39,81072 33,638004 36,51113
45,53183 33,364 35,981636
18,049389 33,08999 35,452137
66,711395 32,815983 34,92264
49,207462 32,541973 34,393147
56,666893 32,267963 33,86365
62,048157 31,993958 33,334152
23,2057 31,719948 32,804657
52,389477 31,44594 32,27516
29,184526 31,171932 31,745665
47,723927 30,897924 31,21617
18,676353 30,623917 30,686672
36,36035 30,349907 30,157177
19,961369 30,0759 29,62768
46,198185 29,801891 29,098183
48,626102 29,527884 28,568687
48,877197 29,253876 28,03919
45,38116 28,979868 27,509695
27,512037 28,705858 26,980198
26,06327 28,43185 26,450703
13,316277 28,157843 25,921206
48,873405 27,883835 25,39171
51,148415 27,609827 24,862213
15,021494 27,335817 24,332718
35,571075 27,06181 23,80322
14,198909 26,787802 23,273726
28,205858 26,513794 22,744228
54,27738 26,239786 22,214731
64,984764 25,965776 21,685236
31,348293 25,691769 21,155739
22,154428 25,41776 20,626244
30,45825 25,143753 20,096746
44,372948 24,869745 19,567251
27,7694 24,595736 19,037754
24,150845 24,321728 18,508259
19,38207 24,04772 17,978762
29,839642 23,773712 17,449266
20,891436 23,499704 16,91977
35,343166 23,225695 16,390274
21,519194 22,951687 15,860777
43,540054 22,67768 15,331281
39,760826 22,403671 14,8017845
64,643265 22,129663 14,272288
21,518848 21,855654 13,742792
27,794666 21,581646 13,213296
60,655777 21,307638 12,6838
40,49599 21,03363 12,154303
23,991226 20,759623 11,624806
33,102837 21,354862 11,658518
27,640858 21,950102 11,692229
24,79376 22,545341 11,725941
64,357735 23,140581 11,759651
64,521126 23,73582 11,793363
42,95934 24,33106 11,827074
42,24589 24,9263 11,8607855
41,500816 25,52154 11,894497
38,935593 40,402534 12,737277
26,020765 40,997772 12,770988
15,063266 41,593014 12,804699
39,3279 42,18825 12,83841
35,58768 42,783493 12,872122
51,037292 43,37873 12,905833
21,34293 43,973972 12,939545
63,329277 44,56921 12,973255
49,069996 45,16445 13,006967
63,835518 45,75969 13,040678
23,64709 46,35493 13,074389
26,329771 46,95017 13,1081
38,213108 47,54541 13,141811
16,817616 48,140648 13,175523
34,337894 48,73589 13,209234
32,68175 49,331127 13,242945
44,69534 49,92637 13,276656
47,87745 49,34751 13,419378
48,005104 48,76865 13,562099
25,596436 48,23184 13,821482
40,12582 47,695026 14,080864
39,85127 47,158215 14,340246
48,888176 46,621403 14,599629
36,679646 46,08459 14,859012
56,218533 45,547775 15,118394
55,09478 45,010963 15,377776
26,438272 44,47415 15,637158
13,411029 43,93734 15,896541
59,153557 43,400528 16,155924
61,62116 42,863716 16,415306
47,991455 42,3269 16,674688
24,177708 41,79009 16,93407
44,065533 41,253277 17,193453
28,572773 40,716465 17,452835
22,307125 39,10603 18,230982
63,8893 38,569214 18,490364
42,442337 38,032402 18,749746
61,59386 37,49559 19,009129
26,400887 36,95878 19,26851
25,623964 36,421967 19,527893
38,702717 35,885155 19,787277
32,308342 35,34834 20,04666
21,71114 34,811527 20,306042
42,89241 34,22867 20,180655
53,74291 33,64581 20,055267
31,635902 33,06295 19,92988
27,940296 32,48009 19,804493
43,912533 31,897232 19,679108
65,74767 31,314373 19,55372
47,75709 30,731514 19,428333
38,97023 30,148655 19,302946
45,456455 29,565796 19,17756
46,519543 28,982935 19,052174
62,77664 28,400076 18,926786
26,288694 27,817217 18,8014
57,041588 27,234358 18,676012
40,30271 26,651499 18,550627
65,118866 26,06864 18,42524
22,814661 25,48578 18,299852
25,559265 24,902922 18,174465
15,455345 24,32006 18,049078
43,263893 23,737202 17,923693
47,40635 23,154343 17,798306
40,10485 22,571484 17,672918
61,064682 21,988625 17,547531
13,916553 21,405766 17,422146
61,794334 20,822906 17,296759
64,58922 20,240047 17,171371
60,117847 19,657188 17,045984
41,246788 19,074327 16,920597
43,892212 18,491468 16,795212
20,474407 17,90861 16,669825
14,634292 17,32575 16,544437
54,067856 16,742891 16,41905
14,613358 16,160032 16,293663
33,22459 15,577172 16,168278
59,612106 14,994313 16,04289
34,46957 14,411454 15,917503
30,172756 13,828595 15,792117
23,912312 13,245735 15,66673
23,09191 12,662876 15,541344
35,07214 12,080017 15,4159565
57,702675 11,497158 15,290569
46,673813 10,914298 15,165183
17,09469 10,331439 15,039796
33,516968 9,74858 14,91441
42,061584 9,165721 14,789022
42,352608 8,582862 14,663636
60,634163 8,000002 14,538249
22,861559 7,417143 14,412862
54,765034 6,834284 14,287476
59,324432 6,2514243 14,162088
31,259708 5,6685653 14,036702
50,594414 5,0857058 13,911315
52,81666 4,5028467 13,785929
15,343505 3,9199872 13,660542
17,633944 3,337128 13,535154
40,036003 2,7542686 13,409768
26,06945 2,1714094 13,284381
24,50315 1,5885502 13,158995
29,297068 1,0056909 13,0336075
48,343445 0,42283168 12,908221
33,995415 59,839973 12,782834
13,450071 59,257114 12,657447
23,823492 58,674255 12,532061
14,7835455 58,091396 12,406673
22,111065 58,33359 12,951456
37,4289 58,575787 13,496239
59,7001 58,81798 14,041021
13,696177 59,060177 14,585804
66,65052 59,302372 15,130588
32,042477 59,544567 15,67537
28,192087 59,786762 16,220152
51,6036 0,028957479 16,764935
35,808643 0,27115282 17,309717
59,799374 0,5133482 17,8545
17,094023 0,75554353 18,399282
58,63111 0,9977389 18,944065
57,786194 1,2399343 19,488848
19,236065 1,4821297 20,03363
49,971684 1,724325 20,578415
64,45402 1,9665203 21,123198
55,62331 2,2087157 21,66798
49,34162 2,450911 22,212763
51,47756 2,6931064 22,757545
37,737556 2,9353018 23,302328
56,99095 3,1774971 23,84711
42,120827 3,4196925 24,391893
57,1225 3,661888 24,936676
48,33518 3,9040833 25,481459
18,182299 4,1462784 26,026241
48,457558 4,388474 26,571024
53,358906 4,630669 27,115807
41,777386 4,8728647 27,66059
16,590826 5,11506 28,205372
13,923327 5,3572555 28,750154
39,986618 5,5994506 29,294937
36,625286 5,841646 29,83972
65,40887 6,0838413 30,384502
38,43078 6,326037 30,929285
59,541233 6,568232 31,474068
50,016018 2,5504267 33,025265
20,44421 2,2161431 32,531605
16,445393 1,8818598 32,037945
25,156712 1,5475763 31,544283
42,48308 1,213293 31,050621
