4,695975 56,24913
55,619213
72,75703
46,676857
42,14097
51,686733
44,26623
61,107826
38,994934
64,35555
47,47164
42,125393
42,720463
41,69652
36,296432
47,593285
42,234135
49,507744
40,416996
58,50956
35,364826
73,77369
42,916286
52,251686
42,144054
55,259884
67,34025
67,47949
67,17685
42,990547
41,980167
68,367615
42,531097
43,556725
38,514484
36,79302
51,988018
67,45581
64,104095
39,594173
60,876564
35,067142
53,725327
59,340523
62,944466
59,359898
56,425575
64,26747
57,703625
61,286594
46,350365
68,14768
51,176033
72,012276
46,25744
52,873062
54,262596
59,177216
70,427635
59,22754
68,348335
38,527187
35,920803
64,57839
60,020542
63,27118
47,84438
71,42348
43,689663
53,5781
57,27764
40,545708
69,5789
44,94312
49,92756
37,448322
39,88991
63,63315
72,2114
60,41813
58,043217
65,27981
61,653316
70,8506
42,813534
38,836422
58,443333
36,259068
38,748367
44,035404
73,640656
42,923927
71,75627
70,37391
46,00316
53,89397
38,64361
53,267704
65,50966
64,67921
57,883087
67,49319
36,244625
40,242573
35,472168
64,23779
57,379974
55,405018
65,282555
36,676437
74,00768
51,580387
65,77855
58,73986
60,49966
61,891285
59,823257
50,876717
56,130276
73,88659
74,35322
64,4135
49,413372
39,0978
72,244194
44,363247
51,31397
55,701515
54,425835
53,20724
44,816902
38,464962
37,994167
65,29025
56,960373
66,048134
45,678185
67,99829
53,180325
63,150703
44,938408
35,808266
50,243145
45,30699
39,502216
39,009525
61,22961
36,016777
69,96969
55,133087
52,36986
45,651615
67,84904
66,323906
67,44327
53,00834
56,67434
65,11099
53,23809
60,933327
61,866837
69,257774
62,24339
43,284515
68,91348
61,651993
73,51484
60,28493
50,966785
50,228645
53,134117
42,314983
57,34714
67,00031
56,57019
39,391796
52,07728
53,37349
40,430065
60,925888
40,774303
38,66249
52,200954
36,284588
58,6951
42,32566
72,336784
67,66766
65,06516
67,66646
64,29644
68,868004
52,052456
56,43398
41,675106
47,021404
64,27182
61,748783
60,904785
64,24136
57,13108
35,598732
73,07673
59,849987
69,85129
50,666695
62,412323
68,63098
42,863335
71,6098
40,928055
38,61239
49,54362
41,541245
53,7948
55,13986
46,228073
42,58327
63,252636
64,97457
72,28953
34,809765
40,704235
49,439163
68,60384
44,63937
48,670475
36,348705
52,359245
55,779804
70,18232
52,362293
43,68388
34,760796
48,990242
60,82899
37,003674
70,81465
56,144524
53,56264
44,257618
57,275463
65,30681
57,008583
69,78307
61,895638
36,190655
62,349773
55,154545
74,741295
57,857723
51,11654
45,08586
45,40105
74,26623
44,301376
44,86033
36,129578
68,491394
38,287415
61,276093
38,19915
71,79091
41,166714
66,64561
35,632824
59,6534
56,39615
73,44769
50,535706
38,484447
35,359875
50,883102
40,576416
44,954674
71,48293
54,02524
46,781136
49,75186
41,737503
46,546658
59,744633
66,27561
45,385174
53,292496
37,67174
64,80248
59,30246
44,33804
59,22755
38,459133
70,14643
40,241688
59,321518
51,34666
53,09065
57,52427
41,85931
39,216084
65,88313
65,446304
66,8102
73,95559
59,12326
56,775627
50,59561
45,33641
55,017487
49,39697
34,775738
65,369774
48,544838
37,52337
40,80167
60,52479
54,189438
70,10761
43,418076
61,58916
45,12503
35,71351
34,998108
56,680973
38,541725
68,8367
58,659508
74,67381
40,452606
72,67533
58,41254
47,383114
72,6492
46,23789
71,67201
53,746693
41,37206
40,84547
39,213364
36,93903
52,79933
35,93065
71,991455
65,775665
66,98195
46,010624
56,111378
35,86197
56,3251
65,94175
73,47522
37,05585
60,58127
62,851315
55,06911
50,809925
41,132107
59,26523
48,650814
70,55446
40,31404
45,69206
43,14173
64,69069
65,62096
52,27543
59,527695
68,64665
68,06762
61,898075
70,680984
71,529
62,975372
37,26959
64,91418
48,15947
47,65808
34,723866
64,30664
57,24736
53,524925
66,83342
69,57714
46,91079
49,36928
68,42898
42,014805
40,895317
72,6893
43,454372
47,197983
73,843216
44,776608
61,77476
50,519867
56,95
74,24317
46,873688
71,59561
55,78896
67,383156
56,28811
68,232346
62,46082
71,31151
54,596684
68,32903
51,480923
44,335426
68,69982
48,186264
57,631485
68,54118
67,01343
53,367466
71,49604
40,130642
51,79043
54,91137
45,696655
37,47348
58,4039
57,677998
37,68559
66,43568
56,574223
67,41307
40,613995
64,895905
53,836445
39,070423
49,641884
71,14024
34,779373
71,1189
69,156494
44,685867
58,03188
67,68893
48,055683
58,23175
41,67925
53,145546
50,63036
59,25437
56,204178
69,11164
64,73635
61,946964
39,377457
56,584682
38,86108
49,70954
56,834564
37,06833
60,493496
48,205658
54,609104
61,03439
52,511055
36,380173
60,339996
45,813698
48,199398
53,34787
73,47287
70,58993
40,35591
69,87436
47,868446
41,068466
65,46869
51,70964
72,96695
42,144108
60,60886
41,38573
40,330547
54,060543
41,43508
57,74147
51,222576
53,79024
41,15833
37,462196
53,767616
43,188988
38,531723
42,79935
50,476295
64,55755
67,28926
43,584282
57,88927
56,82543
67,30061
42,11896
48,442596
74,43607
67,54029
41,739788
56,690647
65,83316
37,846172
70,61707
50,137123
65,78212
69,246056
61,570183
69,82111
42,418785
50,672943
38,331375
66,12357
55,622177
39,68614
45,04533
34,61655
70,21986
56,14063
60,78195
44,374203
57,00376
53,468143
60,00584
38,052647
72,21125
65,248055
45,302307
56,985195
45,55886
59,024326
70,51471
49,018894
66,68081
54,25814
41,70498
59,53756
43,86514
64,77995
60,012295
59,100445
65,38602
61,076233
67,72519
44,259937
55,576168
49,643612
38,47676
71,932
60,145527
42,81658
48,75995
62,19102
35,425854
42,912506
65,14737
53,951973
73,48026
66,36621
36,648914
60,91698
62,21709
71,583084
65,15753
50,38154
46,353912
37,082127
35,7627
70,18303
52,83271
70,2729
38,5368
36,580635
41,68918
74,18484
60,823406
73,26112
43,554543
40,037243
52,318085
47,171886
54,1867
50,687443
37,259144
48,961597
56,50356
67,2927
74,47573
54,339092
68,21127
51,391693
66,77814
57,62727
52,0065
74,368256
35,290634
62,606293
51,851463
51,38313
50,984806
46,87934
70,453575
45,762947
67,05846
49,891434
39,21506
39,87326
73,577255
56,327835
40,52853
45,43648
37,08242
71,920586
57,18199
68,86476
74,55532
37,76535
53,68986
45,57394
59,531075
38,205254
36,650307
73,32836
65,37615
66,85983
66,19989
58,46545
44,89131
58,049347
71,98682
56,75504
61,272682
35,094833
35,231453
47,47974
38,38939
57,930218
39,02705
68,187096
49,026505
73,01204
40,648544
40,836853
47,526222
41,82946
36,4489
66,38317
35,62392
45,3508
59,34822
55,501255
46,896107
59,510563
39,831635
50,662514
63,23091
41,592968
50,254433
47,201374
67,6804
56,99125
62,799686
46,98994
37,47439
61,402752
66,97903
70,078445
42,62313
72,29658
42,95551
63,587162
41,243965
40,609074
43,005795
39,15189
47,201458
59,944466
51,447285
52,40763
39,96274
57,071617
40,69317
57,29383
55,788662
44,048714
47,57065
68,65279
43,449474
56,542156
53,72727
46,643215
51,646133
52,645164
47,157417
70,19537
74,11387
64,07318
35,3782
71,89723
35,390553
60,962814
53,675396
36,995457
69,46363
51,198025
57,45394
59,977524
72,7251
65,10966
52,963707
52,66217
67,873955
36,491085
57,52785
68,01118
35,26889
45,172363
50,092796
50,370926
60,07537
45,95598
43,890575
70,711975
62,194195
52,33423
66,02046
47,075523
40,11355
42,43677
58,962036
68,29371
54,558193
35,128033
72,49515
65,30361
52,256012
52,211346
55,165665
54,844547
48,42821
68,927025
35,60265
50,307327
44,896973
44,245216
64,267876
72,08906
65,430954
72,16865
49,958336
73,98059
72,086945
67,73692
53,167
71,24997
52,478737
45,379707
55,80341
58,691814
66,27685
72,58481
49,201885
54,543064
66,10387
65,722305
35,69177
68,92776
40,542
39,684063
42,94646
69,94434
43,071377
35,871418
43,35382
72,05592
55,41179
65,33375
35,69753
44,795628
43,138893
63,30854
55,310844
49,035706
54,395447
42,08876
38,63908
57,829323
63,31596
53,025898
64,15003
68,19396
74,3128
59,90788
35,043873
42,39182
52,13308
70,39463
57,88929
47,37092
57,70531
65,12526
44,908302
37,30786
48,416046
46,522736
36,845802
49,392216
48,497063
68,16856
74,354706
48,412178
69,37065
71,302086
66,36984
47,55974
63,75875
34,792267
58,824936
58,24971
37,187595
38,956093
46,45255
36,219227
64,059494
63,564854
52,13057
36,395435
64,79155
61,235428
66,51034
74,76082
58,488457
73,107994
70,41461
43,136837
61,163177
65,637024
57,917263
54,456253
55,905552
72,16706
34,969154
43,35513
37,67308
54,156475
47,56782
69,412415
70,973885
64,885315
65,33307
50,19986
64,5652
50,113415
36,65943
39,49777
56,407093
73,44113
58,165157
62,12909
40,908752
42,63239
47,54512
67,20687
62,407936
68,20835
55,568707
61,335606
47,20503
60,73567
64,54473
43,054253
70,67997
52,09051
53,51628
46,882915
48,66263
55,839886
37,31406
37,944454
45,525646
45,26201
66,14181
59,889122
56,661118
72,41577
71,70481
45,68605
44,059452
58,80332
44,554985
69,07381
37,084755
41,586655
39,334522
38,675976
56,596424
51,685474
65,66169
59,348392
60,92595
72,25445
58,48462
74,430756
64,161125
66,97281
59,84378
44,094345
45,100174
68,323204
49,698532
69,69519
63,645214
72,23926
47,729553
63,289974
64,759445
65,26523
62,06354
56,11232
53,65773
58,06635
49,142117
45,612133
59,651814
66,79234
44,92485
66,03004
36,29437
73,02451
73,670044
38,99952
52,9016
71,758484
72,22272
50,34454
54,723686
66,02473
42,15952
47,406166
34,571873
47,301773
58,914818
68,87868
43,773365
38,50406
61,09967
54,087845
49,245766
45,766125
66,41098
72,592476
53,90509
56,66007
46,170418
67,408195
40,379135
71,12981
64,231415
63,87499
40,433403
73,82734
69,641
63,181667
63,449493
65,41129
63,056793
52,539745
57,706085
61,372574
45,698303
44,83844
41,348034
64,423096
58,1307
56,639763
59,98157
35,482594
69,19066
39,27031
70,40576
40,02323
73,95344
56,57461
74,55682
50,80098
44,862087
59,515385
43,629456
72,747406
36,36059
44,81555
58,844883
74,88791
51,029633
51,710938
47,45152
61,473415
35,760014
64,7123
66,28156
55,22602
