52,32649 68,70126
36,957623
68,38584
63,552814
42,244076
49,697422
48,13391
32,49004
26,016447
42,138454
70,727844
42,574326
40,980247
40,883156
41,894695
66,35817
44,132877
44,586056
48,1343
44,639145
70,5029
41,532154
32,185257
63,220387
46,605885
27,437578
57,693005
63,36228
62,481148
22,06076
61,02011
51,46173
29,254183
65,079346
47,243164
47,546093
36,25416
43,801357
70,400856
61,30676
47,089287
51,46786
53,502384
58,814613
32,252964
22,754084
64,9914
69,156006
32,012554
53,37651
29,534742
53,01894
33,67752
27,524803
41,080692
41,86223
61,796722
47,229362
38,520584
38,46626
52,421555
22,00391
52,07777
60,59803
27,677673
59,990326
32,8921
25,96945
55,287933
61,0628
62,534172
23,318789
57,784317
38,994625
62,102997
58,14361
70,18322
58,88796
37,97847
34,16732
22,922535
65,16496
67,0635
24,188244
34,227627
49,463646
33,428486
48,174873
50,22219
70,630684
41,796616
58,099762
32,745087
61,68076
25,233334
59,174984
53,409355
23,4557
65,64409
68,8655
26,24361
52,904953
28,982523
28,608585
42,5788
68,651634
32,37394
67,71165
49,999706
37,867283
28,86417
48,55179
44,78923
31,624075
32,353634
55,06749
22,87714
48,220318
33,43077
59,069283
48,786953
32,055668
40,023388
23,063704
63,230247
32,548283
42,517506
26,35171
54,859657
26,161152
33,21343
54,102432
69,66724
64,195915
46,47688
55,87408
70,83991
55,753372
51,90409
57,572144
67,807846
56,476074
51,180504
50,33884
51,725494
51,48867
26,596708
67,41806
38,892788
49,78202
53,87166
28,253414
43,631046
51,69205
27,07078
66,88104
43,04089
50,44679
49,06977
26,845596
69,27328
38,004143
43,881363
50,957935
24,84363
43,608566
64,58786
27,421728
58,70778
64,7119
40,484955
64,37057
26,292944
58,286312
23,69888
55,921135
35,66987
62,069862
32,32882
27,038485
27,859606
27,904974
49,599613
55,296524
49,25907
65,67581
23,540092
59,53916
33,885788
42,99063
63,08599
60,190502
54,19223
57,50556
66,952446
42,925392
50,38606
47,485218
24,176989
27,84924
24,49164
62,933525
51,30385
54,928005
47,198708
61,68662
23,028648
43,36905
64,367134
33,51236
44,793076
62,248646
26,465506
23,184177
33,797077
64,35882
31,457403
42,757004
52,364124
49,363678
56,37897
22,636192
41,46236
57,139515
40,252636
60,257668
61,135086
69,049126
27,312532
62,25602
62,926888
38,43125
35,31993
42,73306
37,838825
67,694855
25,009544
48,22908
38,95787
64,640335
67,52996
54,548088
42,67468
27,460978
22,6622
36,377266
50,23096
53,208866
25,219088
61,725437
34,76689
47,796864
42,198357
30,899578
49,3279
32,931007
24,78173
69,985504
49,68513
39,800262
38,715412
66,040985
28,693726
43,0039
56,465637
50,075054
57,95938
40,778374
56,31878
62,888676
40,029453
67,13444
44,548203
63,052258
44,898006
61,926216
40,779766
66,42201
55,002407
69,33061
67,14494
64,58474
68,7463
69,09163
63,723465
41,16565
48,327522
62,860558
22,0985
70,59024
44,589687
45,716286
31,940037
23,438438
41,13406
28,791836
34,15459
58,579605
24,130299
44,399464
46,746025
27,456306
68,9005
44,552574
56,12099
34,62634
23,632105
27,070173
39,689816
40,03172
30,217083
43,08012
60,98629
35,12069
35,81778
47,249672
42,46373
36,064774
44,23979
35,53699
62,899
57,624073
69,21483
29,299261
46,247746
47,34196
42,939365
23,764765
54,312737
39,023003
63,255585
67,49418
64,89296
52,970585
70,85617
34,06927
50,211807
42,566166
22,414234
22,274712
53,7478
42,51605
41,71758
48,659332
43,838818
64,08204
32,12125
23,64006
36,864628
35,55034
45,343956
41,11889
56,725533
37,388916
61,30047
50,011917
49,93731
49,12091
60,049324
45,952744
58,521317
60,175056
38,30724
59,184364
66,87565
48,2923
49,53212
70,713455
65,199715
30,966032
55,74237
59,441277
68,83015
53,65484
63,84523
29,22661
60,057175
27,693865
28,59487
29,385674
70,63697
25,994116
55,170013
38,82884
60,761906
40,921066
23,54944
62,143784
24,023912
37,125153
32,36646
65,53466
34,956993
31,338339
58,13624
54,028187
33,115685
47,3471
62,696426
36,159702
43,447067
41,627632
49,427868
41,37596
62,2314
54,22252
50,443314
48,627724
42,656227
41,01078
25,46102
58,72379
38,833576
22,060959
31,866596
41,742302
23,615768
38,004395
55,50417
34,05931
67,94305
53,063698
32,900303
28,207314
40,011833
32,443737
34,55981
49,53266
30,109211
33,869705
49,34201
61,75929
57,755764
39,279198
61,92428
23,832222
33,58951
50,386295
48,26387
32,42976
70,27417
60,480053
52,5051
34,05015
45,338867
53,910595
65,51072
29,419622
66,457855
51,92554
70,06588
41,09318
33,210636
21,970215
39,65594
65,31715
40,18584
60,390865
32,927437
25,656933
36,240067
39,925323
52,797375
36,480522
22,42418
28,46993
67,799034
28,564337
32,486248
50,799015
64,37503
54,214005
53,71694
54,629543
35,732754
44,127754
40,700165
37,60615
68,2786
64,83591
53,027115
37,156883
39,865
64,64132
27,42353
47,064156
22,56408
25,583483
52,647827
59,53932
67,86273
32,370483
60,437477
42,187443
30,587763
49,469418
38,9422
26,753977
40,311108
66,243195
51,68826
34,351276
39,404484
39,271877
47,241257
44,49927
54,32855
38,125275
44,9845
51,741978
31,03997
31,526978
27,311375
33,63028
44,88256
65,12261
38,036057
42,44327
60,184185
41,45471
56,28004
45,31785
26,772198
38,33543
58,025166
51,692013
28,229979
67,67387
66,84842
51,033928
34,503902
60,574875
35,385963
27,425497
25,794369
61,016518
28,166862
33,21306
54,621304
50,157703
43,836773
46,403152
53,652737
62,748432
66,6286
36,784817
59,79806
65,61736
30,182877
40,530167
33,858196
69,84627
29,09357
32,367947
27,602314
53,362087
46,45814
55,743885
42,489174
32,25846
36,35605
27,971529
54,583916
42,18449
56,69246
68,65274
48,881474
61,34171
53,311657
69,87027
62,457092
59,771664
34,943245
41,9845
29,266933
63,51287
39,64825
32,66012
59,762306
61,709538
56,278515
38,926014
52,591743
32,604305
35,79828
42,45286
33,790173
45,713432
54,600174
49,89878
60,245083
68,28245
69,71151
37,50737
22,392134
38,90618
66,15143
34,900265
55,18454
58,35964
69,982666
62,14779
63,75561
31,094616
30,70615
41,37474
32,45705
30,619757
66,99903
66,8609
26,976164
24,786287
54,53459
49,576206
37,75969
35,480488
35,403606
36,59515
59,66782
24,24966
30,781883
24,783752
36,291283
23,346004
60,823627
30,199924
31,86129
29,623693
30,339893
58,640987
62,560158
47,665894
69,36717
29,779924
55,0112
46,00654
37,014076
57,892853
26,222004
60,500454
43,244064
46,625496
45,093403
65,15094
61,807014
30,047186
46,72372
44,25819
25,34235
30,204546
61,18535
40,571182
29,507343
26,593021
39,574947
38,648197
57,26521
59,79959
62,13116
33,632626
51,490574
63,484055
50,89312
34,75026
60,56515
60,721664
32,30979
27,384321
31,084599
60,894524
58,912743
22,759853
27,585629
42,301357
67,737465
47,58662
62,809376
28,72676
60,147522
33,675392
42,425976
67,85405
62,18916
32,57869
22,471912
25,47351
64,655685
53,156677
30,500496
55,566273
51,827515
50,79821
50,92292
64,863785
56,632534
57,643772
48,994946
54,56972
65,809616
67,332726
44,705257
45,304142
53,788925
37,044685
66,81128
37,93309
28,799528
57,93663
47,757183
70,335846
58,935078
64,42719
68,86643
68,75968
51,45204
43,30253
56,584873
48,69343
44,435936
34,99782
49,64072
61,356464
25,721882
46,179596
69,86184
60,793312
41,54291
64,58687
42,843296
22,343353
21,968552
55,298195
59,19937
47,98484
44,645027
60,84932
46,72165
54,64934
46,429764
27,995918
57,784336
54,482815
45,94228
66,17443
65,77542
50,1418
59,426105
39,024277
22,374733
49,12691
64,9468
57,566315
28,087584
36,105846
36,162895
36,747437
56,437195
42,149902
62,88318
39,398575
68,35885
70,16021
32,53848
45,582756
54,569275
47,643677
43,987377
48,1798
59,57256
25,766935
54,86203
38,832386
38,46983
63,00734
58,717422
38,252537
34,877117
55,16952
23,014446
42,032513
34,92655
42,29569
54,17305
63,784397
33,776253
43,55917
30,049349
57,559
49,09714
25,401031
59,104053
41,12961
48,506878
69,26553
61,569584
68,25551
36,85054
60,968185
55,557293
65,67922
25,160301
22,66934
34,54511
23,91055
32,677616
33,269123
49,421528
57,92979
55,20542
26,88471
38,44138
30,448498
35,487797
40,574127
46,306458
41,10504
23,610077
63,987225
60,869766
26,958504
43,933224
63,60789
23,209305
49,31385
29,096111
27,936522
42,182842
37,63929
48,947845
31,544209
64,44487
36,848747
56,300972
70,03387
34,741646
66,29668
24,916023
36,38784
62,447945
48,962883
30,555197
45,043964
44,833073
38,725155
70,99373
45,476913
53,224407
60,43073
66,25644
23,576542
53,46548
59,78602
65,14785
25,834658
32,899807
38,788155
29,970137
64,92581
60,138653
37,341667
62,47649
30,970545
45,0669
37,64076
63,679623
62,483395
35,109005
35,370632
56,951126
69,0536
35,200005
63,00766
69,90753
67,63958
62,891853
58,669914
68,025536
27,85139
51,719242
61,203968
68,970604
53,849415
64,20921
30,935528
47,953312
57,747726
55,686794
47,59865
55,968056
41,10746
48,813972
26,68422
38,50681
60,38637
31,750708
29,605955
38,985527
26,054577
49,754154
30,152338
32,10645
37,126896
69,87635
44,50367
46,46902
52,589577
63,13274
58,8255
70,84976
57,718487
33,06705
60,195274
43,147163
64,5935
49,421078
47,78372
30,952562
26,672174
28,444204
41,639168
56,373528
28,562304
63,424786
25,381224
48,52162
49,985573
51,736687
34,01319
57,105904
69,64821
53,611973
58,604584
47,309456
67,16156
22,859617
39,64944
45,585148
45,909615
64,69506
59,675518
56,568195
51,038002
53,509422
65,3137
33,5522
59,7618
37,310856
38,635044
34,441696
49,94678
48,94792
27,919006
58,687172
58,739334
39,219555
33,004257
34,079067
34,88723
40,149155
62,264236
70,153755
54,581795
32,14961
58,087456
46,095036
30,019323
57,46295
45,794163
52,729618
59,86587
70,89906
51,308918
52,157467
65,61903
36,961906
61,053436
24,616203
60,338608
22,038551
34,586723
51,13925
66,15452
26,902634
32,307484
42,14454
47,79024
56,154953
48,057617
48,32194
67,609566
34,920303
37,76867
69,82751
31,586094
59,630985
40,380436
46,535103
43,78265
49,040215
62,669018
38,250896
