24,104496 37,58937
1,3096952
29,798748
83,430824
69,96635
16,799608
-2,2109594
70,091805
27,909773
75,79017
15,848302
38,3669
1,4809978
28,356268
28,275705
19,050844
41,32916
22,75215
16,68412
65,8386
25,301662
70,61034
90,76107
7,63121
71,18269
121,35044
61,579258
116,88611
9,717203
91,437675
49,361656
44,5354
33,571697
116,48195
109,156555
84,71781
50,45575
68,95875
19,868391
76,84818
94,63234
66,084045
33,766785
68,76647
11,891645
15,691812
-1,3337828
37,369404
68,862526
31,144848
91,14157
110,78466
49,151035
113,16298
120,112915
47,21403
21,49847
11,151937
113,34117
30,050308
24,854483
-0,804926
78,096375
50,41584
-2,5102446
22,779837
53,654243
43,60205
2,7294278
71,560165
112,53198
55,546314
78,34966
-2,5257044
75,74549
-1,0697409
68,594124
62,819576
85,347244
89,81685
91,59434
8,034954
47,063667
-2,0884168
57,837414
84,06582
13,144669
116,61938
33,995388
5,1344748
73,46213
-2,211277
75,1486
84,77681
26,714478
57,657578
24,99739
53,771175
22,019115
36,67746
7,9571905
83,529625
25,189974
92,385796
27,748453
113,44814
47,927692
54,977917
112,982506
3,5851362
0,6963995
50,962833
116,42973
108,25712
60,21316
14,1263685
118,19223
110,35509
0,69683063
16,88208
50,60065
5,1211286
93,38807
22,870106
-1,9744115
104,718605
12,084084
30,37374
76,0557
63,9852
110,356735
34,83374
39,05039
80,23922
48,68206
32,7588
78,1373
108,08034
82,27966
-0,89133203
120,717705
50,902157
115,86171
21,000189
112,21136
0,99809045
37,59466
111,67674
116,44896
120,5477
46,28917
39,532623
70,13856
20,498459
39,14582
34,779984
43,054184
9,311656
103,74803
3,4212024
18,365656
95,60553
98,59586
-2,3132143
10,84764
38,124302
108,34892
72,12344
33,37122
95,45326
56,06054
45,775158
116,58347
103,02792
5,3279815
64,854645
21,95951
-2,0249012
26,486483
13,502389
106,655914
120,85827
114,10946
82,581566
120,08544
17,873634
11,133732
75,12005
13,766825
23,007946
7,3531656
13,396184
25,078804
86,68156
40,192642
43,411884
57,591038
122,15453
102,16724
118,67723
104,053535
85,95417
52,962708
111,87694
92,506226
45,363583
5,350449
14,029505
92,1227
2,7653012
115,71781
14,521514
66,319954
88,40576
63,947067
95,12126
47,65482
83,33365
38,64702
120,510704
71,27198
7,4072
1,4828792
118,10797
88,979866
119,76803
99,256714
62,50821
18,599
90,10511
36,98775
111,86682
27,658203
-1,2315819
84,501335
52,309624
84,006546
38,104572
83,50561
87,268814
19,56396
85,99971
76,268234
25,836943
119,53626
72,06946
2,2032008
3,2776678
113,919205
15,2065
91,05689
106,68601
113,84955
45,02456
45,73608
63,77913
0,6776072
65,04587
112,9338
89,13331
66,18558
35,395744
30,557209
89,36106
18,43479
75,21794
77,188156
35,449253
110,60629
77,76556
98,72798
39,305054
-2,8798466
103,206375
5,8709264
33,44164
23,638033
50,482296
78,84254
55,160366
31,03756
65,40567
103,12467
47,35387
102,24006
106,97551
74,01884
50,345924
84,33075
64,51669
100,216866
56,119934
117,349365
81,981255
1,3155994
88,366325
39,227283
16,021202
27,667778
39,970512
99,79219
77,468925
96,47787
-1,7584139
118,61061
74,044235
65,845955
113,377525
46,219913
24,610752
78,5147
55,235775
99,330345
44,21925
-1,6048273
49,65143
28,187737
78,562874
-1,5372756
33,58791
8,182092
37,031517
15,733728
94,95042
72,977455
101,39078
43,010616
57,294697
8,708155
24,762918
46,478672
62,51672
108,70541
23,955608
61,714954
55,582413
22,50835
6,164719
118,18259
75,36903
94,44468
27,861076
111,08068
89,64732
56,86088
2,725186
108,37318
40,722557
28,200613
49,542976
90,3861
27,577463
85,34919
5,9700036
27,830288
103,34071
86,96804
111,44153
67,984795
63,950214
30,21839
36,88728
12,21158
35,512047
115,30031
44,30222
93,96163
74,61753
11,134258
64,897285
-1,0790226
45,19016
62,229298
112,48466
110,30344
7,259307
-0,52593654
3,3664086
28,64761
40,285267
87,31902
120,705
38,74603
108,872696
112,511696
65,96173
17,174896
13,469276
63,332153
26,450834
98,56463
32,239758
95,995186
95,78138
35,489754
73,69576
82,193794
115,45665
39,18397
-1,8862954
113,46388
18,28273
112,165245
114,31436
4,1237307
96,061775
26,21884
108,01455
3,1391501
42,391933
42,887074
81,55131
97,57651
31,624794
86,12974
90,06552
66,71743
50,02923
36,760494
89,559235
99,97477
15,600971
38,28244
109,20683
56,00918
13,101037
58,467983
99,39107
81,088455
3,3165143
100,29043
89,78636
92,66372
23,528503
63,66745
33,023926
35,593864
98,754555
30,579264
73,40237
11,138565
35,211655
92,42967
83,425316
50,530846
46,539875
117,11371
-2,8902745
9,889171
35,189556
88,36478
72,75612
40,77243
58,08237
30,347607
112,99975
19,14605
9,078643
2,9931087
8,215297
105,406265
30,536375
18,712229
80,95048
115,356636
-1,3531196
31,014961
119,09191
49,627758
37,52552
105,33484
77,3312
47,026604
72,99847
98,26025
92,83005
66,45348
7,311607
34,411106
103,08853
85,59195
7,5722146
104,0587
50,623592
63,27947
91,71846
61,0107
81,11237
85,13066
20,611536
84,0016
88,20165
27,636541
73,2032
-2,71396
15,8861475
42,122612
72,29987
0,49038398
-0,7262235
47,12107
28,432337
104,388016
14,963823
44,394905
61,86325
116,84251
62,980507
2,9450643
55,655434
107,35171
50,35665
79,17543
102,338806
23,57738
43,23913
38,20557
7,197286
105,121086
-2,8576598
68,44548
82,068535
92,0158
62,29642
42,62393
44,520687
-0,78818893
23,90334
0,05528296
60,945774
23,513783
83,9794
47,249798
86,999
38,664726
44,39491
106,51616
56,701508
57,446102
111,79329
88,84943
75,70396
11,940726
84,1512
102,541885
7,0882215
10,341297
112,37887
63,588417
47,19117
39,93419
38,771847
15,440044
58,698074
95,7344
53,0947
66,182495
41,45139
63,651268
93,80709
100,290245
21,092081
11,953616
46,75652
117,211525
22,313164
45,912228
119,133354
86,92051
76,565414
72,02995
121,18723
60,721535
59,186005
23,873606
102,81581
57,64866
121,30382
44,93799
20,633732
114,34273
25,296236
92,07512
14,622709
-2,8163493
35,317154
104,83497
118,9333
58,593327
31,382261
48,320324
91,55612
37,22952
31,617777
7,9660625
85,49917
29,668423
41,973946
8,2679405
101,671394
59,87407
118,72965
35,632652
101,482704
7,3126807
112,47321
96,54412
66,60022
74,33162
36,433094
63,46944
54,541718
79,7311
114,10906
99,61851
69,574036
63,25415
109,5184
48,487606
71,99818
54,22743
0,45933375
72,718285
117,767426
28,28677
30,589268
93,6759
60,080444
17,014668
45,848385
104,56346
13,740043
34,531803
79,36376
77,16062
102,4518
10,459423
96,4415
35,965214
27,710255
82,12902
35,299667
13,288184
60,747547
71,89397
2,8234606
66,02164
52,48612
90,53203
82,42981
92,89721
110,07939
3,8252048
69,66399
21,903992
113,4948
2,1705804
31,81135
106,38966
84,665985
109,113754
97,60136
61,00392
115,09999
53,118645
115,07751
37,486217
51,745983
47,604256
63,96484
74,79618
116,85902
15,402786
5,8521676
117,20599
35,92495
73,2006
29,442957
95,01958
25,836086
86,65448
95,146385
29,543968
12,033968
107,79868
21,548498
106,584435
53,42236
-2,5248601
65,24598
110,658646
20,10849
15,315915
26,073381
65,93577
76,69602
26,137922
31,131481
88,57799
93,43805
32,020634
47,277374
118,70501
79,671036
114,17207
32,389294
2,2852294
94,97183
89,91169
66,562454
21,851341
28,24273
107,85878
122,023285
90,707756
37,589607
73,117165
100,30675
42,789944
7,9765453
113,051315
59,18486
52,05033
-0,3610249
102,16518
86,995346
-1,2094249
56,096916
25,376884
49,672043
76,432434
-1,638227
49,45904
7,052254
25,54695
21,976929
116,436485
100,917404
81,19764
57,265575
29,937763
20,813036
90,28001
26,33905
10,057452
73,65244
99,707985
15,3808775
116,707985
10,939
103,9985
101,02724
11,528185
49,748074
44,108597
76,43647
61,222256
-1,3407027
41,370117
36,589954
37,344013
81,39748
54,507748
59,743866
117,43474
105,89738
62,153683
102,87476
73,789856
88,75199
42,95496
6,133683
38,346783
44,34513
1,1948906
24,073164
73,673096
-2,1548421
97,78893
116,93534
13,448849
3,033802
103,49311
116,83017
98,49497
120,31049
71,081245
17,60575
121,61226
39,70156
100,11589
103,693825
76,72629
37,679848
18,506346
58,70051
118,38838
98,18192
22,569916
94,165016
57,175293
36,236122
37,802155
119,98845
46,71629
28,246075
80,81453
47,900734
32,412872
48,177853
103,31673
62,098396
89,60282
15,979706
79,44869
88,75366
114,0238
115,86702
24,849771
22,115778
70,12092
50,72908
109,08524
22,273008
85,180695
88,9778
8,06068
20,49897
11,557194
75,16204
46,75786
104,66993
18,457973
77,86856
76,680305
64,66964
3,1944976
7,520161
61,848904
11,211043
122,09596
20,532003
77,92794
32,464645
22,8386
-1,3543864
103,87631
57,21729
60,148403
113,40004
6,687644
46,095505
108,00894
115,99593
3,449011
-0,78759885
83,298065
11,709106
12,140288
37,75335
17,157965
38,85149
38,001698
110,5859
109,79014
17,356888
2,3251417
56,227993
100,05904
47,817787
14,4672365
54,647102
99,984146
97,17439
88,84328
85,262856
58,47346
-0,34654638
23,85161
90,684845
117,716324
45,680412
102,531395
102,04992
71,9147
122,04779
24,93666
100,07834
44,78942
54,846405
54,630245
8,87269
73,91592
76,72591
81,65574
29,841042
16,446905
89,904236
14,9870205
85,7401
27,151901
72,122734
78,395805
86,04927
51,324146
37,209915
9,966987
86,35146
112,26326
13,940257
57,552586
17,995033
-0,53991055
33,609226
46,447304
9,085023
107,50714
84,95227
35,95831
99,69471
118,9898
40,2212
0,8646041
44,987698
80,88408
17,152172
67,56273
86,90078
50,811127
4,225522
19,5499
111,07007
2,0065224
51,049297
104,97323
100,36662
40,89457
93,77564
21,251804
95,28999
63,935184
3,7553828
97,830925
-2,039795
24,432184
119,80561
115,52016
44,254673
3,6236577
97,88182
82,77171
83,19218
80,025986
81,51225
32,452644
6,683274
55,91937
100,543755
38,651848
-0,639104
99,23718
82,231346
53,658855
24,365744
108,638985
9,845027
76,20936
57,78596
36,032356
1,8126812
60,666676
23,968088
77,56418
111,29052
113,91017
97,75904
36,986156
22,125713
83,08051
56,96363
6,5673914
114,10657
80,58606
73,39404
49,208622
55,035976
38,639637
49,059654
101,21693
35,045498
63,648132
7,7716775
108,880264
69,67253
77,06622
27,3669
12,120293
31,444963
76,5623
6,0393662
26,071522
