35,995186 51,105885
64,51026
60,93467
66,39633
69,24552
60,952618
66,68765
58,302002
63,217937
65,83118
65,58577
69,628044
68,2592
64,82124
62,3868
63,70317
69,05139
58,078205
68,40871
63,52121
61,826706
69,3381
68,52339
69,58183
66,41576
67,18518
69,231514
66,78204
63,535522
64,91318
58,20188
64,160515
59,540676
60,001392
67,49992
68,32133
58,242245
66,599846
59,727062
58,948708
62,280724
59,191845
63,12015
68,00188
66,377525
61,797474
64,85543
65,28534
62,122093
69,65407
62,380497
58,913784
68,41913
62,549255
64,945694
66,5271
66,79403
61,29533
61,94253
59,668213
59,3205
60,117367
64,205055
59,913494
66,281784
67,66974
57,5322
60,26153
68,23084
69,17396
57,669533
61,20153
64,07875
62,126686
58,07902
59,994854
68,68714
61,23161
60,99599
62,91215
65,367935
69,512115
68,72744
58,147972
64,7316
65,42672
69,63106
62,785656
59,165787
58,423866
66,470215
57,88421
58,595097
68,366295
65,897194
68,92158
66,847176
59,43331
58,518696
58,01584
62,2196
66,944824
57,797104
60,323353
69,225174
68,2124
59,77344
59,6861
58,389027
69,69978
58,91278
65,139084
60,87146
69,79482
67,26036
59,828144
67,43331
58,237564
60,287346
61,792355
69,48026
59,79884
57,55718
59,249588
67,008446
58,28892
69,03727
65,60438
69,405594
59,67919
62,136738
58,844234
69,18917
63,268974
68,69956
58,30746
66,22573
66,94845
69,410484
64,702545
59,765854
66,43745
69,89728
61,72893
66,1189
61,41268
58,311077
60,77748
63,054996
65,84882
69,52736
57,80162
65,112564
64,84752
61,154736
67,779396
63,89841
60,91175
69,695465
67,87213
62,27047
58,298363
60,464466
63,443073
58,466362
65,66945
59,83847
59,74708
65,31011
61,74296
61,944885
61,614944
58,451813
62,30757
58,04777
65,548706
65,884155
57,890995
59,00986
59,519157
64,898865
60,803253
63,677654
69,619995
63,30436
69,753075
67,47863
66,24719
68,23005
64,67983
60,767197
61,92102
62,9981
67,45244
68,64279
69,35784
68,73035
67,27324
58,48117
69,8465
64,91399
67,93159
59,69501
61,602314
65,5188
67,1674
65,82487
69,59998
59,975697
61,84598
60,041042
63,524673
62,6774
61,079365
60,47695
69,113396
69,14661
64,48889
66,86583
64,38993
68,257416
59,67632
59,221485
59,1947
60,537724
60,582214
61,55849
63,51889
61,549717
60,6959
68,33372
67,70713
60,914597
59,68309
67,939735
63,785534
60,71498
63,16237
59,14935
61,97917
63,746353
62,656563
60,97153
64,18028
60,407993
61,397457
65,22593
62,988087
62,709343
58,342144
61,115784
64,816765
58,956158
59,14507
61,99445
64,97356
68,196106
67,62294
63,399925
63,2129
67,69343
66,60171
61,235752
63,024246
68,78042
61,26504
61,981056
64,108986
62,47352
57,76218
57,60748
65,75982
60,260403
63,356583
57,54781
63,580647
58,713886
64,25287
64,09316
67,99613
61,97664
65,40107
64,55843
69,89227
69,51558
58,10392
60,179295
60,355167
60,894802
61,09342
65,109726
67,1239
58,844734
66,67702
58,164047
62,93853
58,098778
66,501854
66,01515
59,88966
59,61003
69,229416
67,435005
63,216408
66,13253
66,677086
58,735134
63,888702
65,044945
66,78858
67,90153
57,816837
65,34658
69,456055
61,846504
64,22026
65,83953
62,420216
67,36254
60,58499
67,524826
58,782776
59,781147
67,9194
59,95052
69,30539
67,54224
65,39692
69,028854
65,78976
67,49022
66,88259
65,04769
58,037098
67,62011
62,346523
67,0897
67,848335
69,68532
66,10568
57,87154
58,12176
57,730576
68,08585
62,84133
64,366356
69,86114
63,429035
60,82293
58,129734
60,525864
62,59514
66,165565
57,82098
66,92672
57,693085
65,63289
62,851887
66,31788
62,591618
60,37213
68,9573
69,35643
63,870934
66,91532
65,30032
63,269104
63,457092
59,269978
66,18795
58,044556
58,007
63,37582
60,90226
65,24439
68,2218
59,492573
68,81499
58,74445
69,64304
59,658672
60,53122
66,19101
65,0622
66,49385
61,05718
66,60347
58,09148
62,43788
61,285797
67,78461
60,160633
62,30759
57,81823
62,081463
66,72021
57,852074
65,90345
67,945854
58,02645
69,21475
63,148075
63,329597
57,79473
58,497585
65,66304
66,228386
61,10502
58,82953
63,528175
67,43008
68,04439
63,726707
66,200066
68,07951
61,580875
58,25676
64,81996
66,612434
66,224236
61,823387
64,47444
67,14614
59,712296
59,83757
57,52637
67,846565
65,47351
63,446144
66,90578
62,538754
63,20005
64,90895
58,46993
60,375805
61,19995
60,9685
60,273014
63,601482
60,48994
62,69695
62,37941
59,02161
57,700867
65,4888
63,622723
62,30115
59,753723
60,589886
63,431458
63,878124
64,64073
68,68422
62,357857
59,410255
65,61936
59,247078
67,03462
62,111313
68,395294
58,49444
62,40985
64,211266
64,91535
62,155224
69,734215
57,945457
61,601067
67,77843
66,64212
64,38144
69,7919
61,322353
68,21097
63,86932
66,61936
61,99761
67,905716
64,72812
60,27168
57,774567
60,898937
57,923374
68,43712
67,60256
64,849106
68,17393
62,403282
62,478325
57,73436
65,30908
69,27315
59,29891
62,38811
65,773384
69,30055
59,234776
62,556145
61,28417
61,46942
60,465034
57,656033
60,45378
67,252815
62,152763
67,48791
65,212814
66,37735
63,45988
60,54382
69,27584
57,853825
57,971264
63,395336
59,133553
63,36522
68,62065
69,646736
59,96456
68,57257
63,623806
66,879776
63,52965
60,53646
67,97257
66,00218
62,36072
67,36916
59,856335
64,074066
59,52974
63,068287
63,357025
63,143063
67,03518
69,79581
63,61682
60,57601
65,77565
60,79077
58,463833
65,75455
59,61753
62,18673
67,199066
69,43807
65,3206
58,478176
60,737965
67,80468
68,72969
64,72099
66,55577
62,46487
61,739616
60,39469
69,82615
58,286102
69,51627
64,74356
67,31606
68,74421
62,156742
59,29929
65,91022
69,48321
65,232285
62,595104
65,31971
58,110836
59,28253
60,55046
63,71895
66,107185
67,56104
59,70474
69,24844
66,514114
65,23683
67,97743
60,447227
67,86967
67,90785
69,49523
66,41885
60,008797
69,09232
65,82344
68,039185
62,07813
65,09227
60,82289
64,27321
69,29732
66,13122
58,023342
58,65213
59,435734
69,72931
64,787224
64,0849
63,682133
59,68226
61,4377
60,9582
67,259895
66,82931
63,616516
61,050922
62,322514
63,969772
64,59276
67,97423
64,97443
59,296608
65,01586
59,215603
61,07759
59,05705
67,52195
68,062454
69,09732
64,445
63,40777
61,477962
63,52565
60,021564
66,73288
64,989746
64,2534
67,55942
57,65152
60,2769
57,601376
61,005543
63,245758
69,46108
58,27021
58,506012
66,59948
66,3788
61,563282
65,00263
60,601784
69,26323
66,10069
62,25731
66,796234
57,844063
58,4864
67,49593
64,37924
59,76615
59,33052
61,024723
65,679596
67,81144
59,13644
63,853336
69,262634
57,820087
65,995544
59,070194
62,9053
62,990067
59,26379
63,14681
66,901054
65,680954
67,84571
68,9732
59,403484
62,801155
65,955795
65,72834
65,17347
60,140343
67,51936
63,691334
67,22808
65,59033
59,73481
59,662994
66,934006
60,24734
62,31681
65,95546
68,64226
66,44
68,96186
68,61399
62,23618
61,242332
69,3332
69,461494
57,95757
68,157104
69,19646
67,60201
62,13635
68,76645
67,199936
60,63003
62,828213
62,804367
65,43347
57,610413
68,56569
59,302746
66,25168
67,60729
65,82911
66,827194
66,43363
60,30503
65,00797
59,586105
66,42821
68,09226
58,989628
60,433674
58,632763
57,750877
62,247746
60,292816
60,716286
58,65426
64,93876
60,68029
60,54805
60,18286
68,60511
60,921852
62,236576
62,92339
63,78306
58,03476
64,277374
62,764393
68,72456
68,68894
58,80244
63,9507
61,004284
62,379787
59,685673
68,58538
59,706722
65,764084
68,673386
59,280064
68,126755
65,44574
64,58761
68,520515
61,93456
69,71251
66,96155
61,650566
65,88329
66,84632
60,288174
65,50242
62,616394
68,55351
59,839302
65,24335
63,16628
63,587006
61,535515
69,364426
58,77655
59,143005
66,240074
61,003395
68,1691
66,84708
68,85023
63,679688
63,838387
68,64225
63,302074
64,8944
67,19127
62,516487
59,155792
59,568314
64,05982
65,60224
64,15618
66,34652
63,280956
67,073586
63,462112
64,66403
63,67217
61,056473
61,98497
68,48532
63,65459
66,925514
67,55334
60,458656
62,04549
63,61923
69,35866
63,506416
64,631676
60,054462
59,307087
66,32097
61,581062
57,753025
62,278976
62,81547
62,794197
68,159294
59,775368
57,876736
61,04258
61,632668
64,78765
57,814697
61,067432
62,42873
59,0154
61,698555
66,74597
62,644234
68,62771
68,64542
57,92908
68,21251
58,121918
67,634796
67,46041
68,21429
62,221542
67,09738
69,58413
62,871536
64,995514
64,20717
62,144566
57,849773
60,93385
64,97203
68,11594
66,49617
69,59298
57,632885
62,907166
61,13433
59,78227
66,15553
58,20864
67,602135
60,85968
68,322365
63,846928
64,62696
65,83873
61,645485
69,688965
58,78607
67,86387
69,480125
58,780224
64,63679
65,27117
65,67624
67,517105
60,688087
67,43235
67,78194
63,23011
65,84523
59,23059
65,3296
69,60926
59,674126
57,894314
68,79175
65,311005
65,877426
58,37404
62,93583
63,932117
66,8463
63,85001
60,22808
58,520065
60,09807
66,01811
57,952618
66,95252
58,95527
69,1436
58,46566
58,41822
65,76929
64,1093
69,205826
61,223305
57,70778
64,80692
68,04059
59,47646
61,79455
68,8035
61,129025
61,136223
63,591583
67,52595
58,42254
66,034485
67,62895
59,527027
61,16339
64,47609
65,28408
64,62769
66,33099
69,48029
59,586426
65,52371
67,375694
63,21627
68,04716
68,39676
63,5968
64,79664
58,36932
59,264977
63,565422
62,95027
62,639843
66,51494
62,080463
66,181175
61,898464
66,9744
68,67656
69,259834
66,838
68,73364
67,66516
62,830067
65,10483
58,97209
63,195484
62,39019
68,5924
61,229195
64,32069
66,693275
69,03627
66,328636
63,616646
65,73783
57,958164
59,632282
64,82371
69,05681
61,019085
64,86555
59,222282
60,37949
64,39606
61,131134
68,37198
69,60669
68,635284
68,3826
62,966534
61,372562
58,586193
65,50156
57,804688
63,82153
60,265427
64,36577
58,442966
61,78659
58,82627
66,01422
69,40941
69,83411
61,726078
59,549652
62,515923
63,71977
62,2589
69,54429
62,436325
69,02691
58,59424
64,49201
68,417984
66,01688
64,59703
