19,58154 29,098827
61,59944
61,69863
61,624134
61,857346
59,975636
62,3241
59,813236
62,65711
60,97006
62,63949
62,30957
59,437687
61,42397
59,117737
60,389416
60,708096
62,411556
61,220627
59,189144
60,40592
59,69378
62,169605
61,701725
61,713722
61,30961
62,406624
61,113605
61,445946
62,86742
61,33007
61,3842
60,24257
59,173557
61,26073
62,693554
60,57051
62,98104
62,92735
62,71083
61,664837
60,54909
61,35965
62,975056
59,414944
62,05917
60,51825
59,84798
62,120827
61,999413
60,835037
60,47951
60,871513
59,85012
59,91908
60,65939
62,718468
62,63917
59,47281
61,320873
61,084545
59,66891
60,91157
59,555534
62,166817
60,174473
61,107765
60,855713
60,3033
62,288982
61,686447
59,469322
60,200405
63,034184
61,17161
62,973007
59,415085
61,442406
60,131287
59,959984
59,74066
59,475925
60,74495
62,681717
60,84272
60,945137
59,52858
61,364464
59,228344
60,06983
60,201435
61,03076
60,831802
61,454815
61,113995
62,697056
61,627014
62,333153
60,07062
61,66285
60,38381
61,872417
60,517513
62,032375
60,34816
62,733723
60,66647
59,321507
62,668762
59,9367
61,98063
61,185528
61,43882
59,767384
59,63384
59,824825
59,78795
60,91479
61,069233
61,34808
61,217632
62,857586
60,361153
60,97277
60,734478
61,594563
61,282955
60,675167
60,621056
61,26885
61,61381
59,416275
62,31208
59,802895
61,84544
61,17474
62,231106
62,155014
59,312626
59,226643
62,6181
59,951557
59,531544
61,582775
59,108498
62,674538
62,035927
59,73297
60,802967
62,444176
62,708797
60,444927
59,111942
59,148563
60,300884
60,64867
62,45348
62,118694
61,725456
62,025455
61,107967
59,39073
59,721916
61,091385
59,48132
61,18078
62,066456
60,053024
59,461502
62,418697
59,2496
62,297943
62,511387
62,77303
61,3243
60,67511
60,68217
62,58963
61,49273
62,583717
61,754417
59,337566
59,369072
59,185966
62,863503
59,523724
62,023052
59,53341
61,802235
59,56763
61,36724
59,835983
60,937363
59,513462
59,3867
60,847786
60,397587
61,738083
61,24942
60,150093
59,0577
61,77025
62,318512
60,2951
60,197506
63,025536
61,88206
62,980537
63,032406
60,569164
61,33247
60,248478
59,87225
60,342426
60,06985
61,48694
61,279816
59,970573
59,4635
61,628185
62,78836
61,511642
62,877148
61,828575
59,941017
59,52885
61,06396
59,558193
62,507046
59,618637
59,85708
60,708893
59,81047
62,81871
62,474762
62,057137
60,56521
59,19435
61,20502
60,578518
60,708324
60,691654
62,85894
60,22345
61,785053
61,736347
59,140354
59,212917
61,22952
60,533234
62,69456
61,1186
60,55552
62,7851
59,27252
61,77614
62,81447
61,061962
59,30538
62,237717
59,097015
60,471767
59,276546
59,718124
62,17903
60,551304
60,487526
59,93163
61,503567
59,590385
61,47674
60,742416
61,775127
59,275528
62,48784
62,740837
59,622227
61,35211
61,766613
62,954605
62,26697
59,133022
59,798004
61,228207
59,317398
62,62303
59,558853
59,229404
60,72405
61,478924
61,849594
60,96175
60,006924
62,750504
60,806942
62,96245
62,941696
59,204445
60,14887
59,44949
62,073162
60,51379
60,486557
62,83428
59,81951
62,543583
61,22359
59,208183
62,951668
59,140705
62,098675
62,272022
62,545715
61,72956
60,01199
60,346436
63,02466
59,334312
62,192905
62,97768
61,625797
62,07553
59,432
59,848457
61,575676
59,485336
60,688087
59,451454
61,685883
60,860237
59,082005
62,48724
61,595768
62,913445
60,472294
60,779266
61,325264
60,26753
59,21402
61,983147
61,995872
60,523884
62,815247
62,6235
62,157898
62,443577
62,115757
60,415794
62,064484
62,082317
61,79665
61,2594
62,216713
60,834457
60,221992
60,118397
61,936016
61,965866
62,725986
60,19818
61,160336
60,800644
62,229855
59,46551
62,67406
61,27472
60,09089
61,793514
62,67496
62,691814
62,204937
60,31405
60,894276
60,86956
59,88409
60,18052
62,565647
62,539326
60,475376
62,088074
60,48971
62,890102
59,96678
62,49814
59,91173
61,098637
59,79863
61,055393
61,234283
59,66931
60,34179
61,311012
62,028606
59,18808
61,08558
61,25956
60,425083
61,2159
60,84488
62,0298
61,695168
60,123547
61,542744
59,134605
62,08411
60,623196
61,217644
62,781616
62,446247
61,813904
60,64857
61,47068
61,061848
62,68455
59,330013
60,838123
60,63748
60,192497
62,468376
60,79878
62,593643
59,88856
61,02588
60,869267
60,565033
59,720913
61,895416
61,280285
60,17645
62,444744
60,786526
62,906788
61,95488
61,38421
60,037014
60,51774
59,307804
61,774887
62,978226
60,741993
62,092407
60,61184
60,805397
61,743046
60,144386
62,881454
61,410423
61,004597
62,380196
59,26193
60,10137
61,391346
61,083366
60,055855
61,919468
62,461094
62,3796
62,903126
59,562206
61,43418
61,836857
62,090614
61,498722
61,84178
59,062458
61,858173
60,741486
59,587543
59,274998
59,337227
59,790874
61,08804
62,349384
60,152813
60,005016
60,73674
62,29706
62,09217
59,278404
61,399254
59,724598
61,443157
60,920437
59,826763
59,43126
60,61595
61,765392
59,755318
59,374306
61,520546
59,5069
61,544346
60,156948
62,753613
61,21479
62,679085
60,082123
61,614513
60,38409
60,729683
59,04778
60,23533
59,232864
61,4038
62,95276
59,951115
61,366745
61,286346
59,409916
60,524426
60,272102
62,502083
59,402443
61,52287
62,30139
60,71639
60,843117
60,13731
63,049446
61,19843
62,598186
60,838528
60,067207
61,347828
59,683662
61,29247
60,650486
61,491486
62,237083
62,364853
60,734436
60,425266
61,523457
61,06864
60,66392
59,24307
61,84925
60,34302
59,268974
59,39971
62,70227
59,132614
60,47583
62,400116
59,7741
59,23657
61,880665
63,02826
59,620777
62,4462
60,659214
62,58035
60,83881
59,83317
61,60289
60,917625
62,62204
60,1141
62,30301
62,23548
59,935513
59,246094
62,71361
61,020035
60,169605
60,464787
60,602215
61,882153
61,72496
61,956337
61,563282
60,167576
61,944397
59,95792
59,610153
59,588352
59,69035
61,65838
60,506767
61,5333
60,036053
61,166836
62,14478
62,32059
60,12638
62,715706
62,75507
62,32215
60,85093
59,945404
61,307056
61,992077
60,029457
62,80127
62,47941
61,2678
60,665287
61,301342
59,855087
62,826324
62,16941
59,143238
62,790363
62,274128
59,097633
62,190144
60,852848
61,2217
59,378983
60,27139
62,521133
60,220356
61,0957
60,58368
61,047825
62,385864
63,001022
61,966003
59,591
62,120274
62,334053
62,501213
59,92666
60,151875
59,284523
60,023342
60,177067
59,868637
60,827602
61,098297
59,308655
62,6278
62,78734
61,780655
62,765415
62,964252
62,44744
60,441654
62,711407
62,685997
61,992466
60,790623
60,671566
59,083805
59,157158
60,131416
60,606686
60,757187
59,506393
62,19979
62,996677
60,917313
62,4496
59,963894
59,542732
59,477207
62,70458
60,58145
59,143448
61,806774
61,46453
60,01614
62,282146
61,635746
60,41664
59,865696
62,388554
61,610756
60,377716
60,113026
59,924618
61,8653
59,473053
62,255898
59,43769
59,225708
60,17826
59,862053
59,8941
61,855595
61,209694
59,082653
60,18242
61,590042
61,730267
62,863953
60,678875
60,713173
59,989273
59,07261
61,41572
62,568447
62,571304
61,010933
59,691475
62,44685
59,81823
61,87832
59,089268
59,114178
62,825153
62,653866
59,280704
61,029552
61,201817
60,54028
61,571632
62,506813
62,786785
61,19382
59,586704
61,729424
59,89654
62,22495
61,68493
62,576378
62,36881
59,4876
61,52084
62,312134
62,57556
59,85964
62,374466
61,07731
62,17211
61,955128
59,621838
59,741756
59,327003
62,210926
62,507988
59,623035
62,11872
62,89012
63,026657
62,527897
59,479366
62,168182
62,06529
59,18199
61,247486
60,550926
59,70324
62,259552
60,12812
59,48259
61,27448
59,089466
62,929607
61,81803
61,200565
62,937836
60,162266
60,22137
61,15432
61,55021
62,016304
61,58816
59,880074
62,342514
61,522446
61,20276
60,696342
62,195606
61,54974
61,111416
60,568336
60,17684
61,97501
59,846973
61,64351
60,339184
63,009106
61,587074
59,315445
62,638035
59,9462
61,1294
62,393185
62,04008
59,9219
61,87612
60,968452
61,778023
61,09092
62,749004
62,162014
59,06123
61,578537
60,85168
59,484676
62,48121
60,643925
59,106716
60,90506
61,84353
60,596035
59,055058
59,709675
60,94545
59,625122
61,706715
61,43554
62,027653
59,688988
61,916424
61,51616
60,538265
59,836308
62,96806
59,428017
59,438366
59,384106
61,998703
59,615547
60,03881
60,803726
62,812954
62,550686
62,03937
62,661823
60,734695
61,045288
61,163303
60,25469
61,533943
62,564045
62,88623
60,613117
61,468254
62,729736
61,92719
62,83498
59,343864
61,334698
60,006298
60,060535
60,03952
62,422043
60,8335
61,979107
59,834606
59,30294
61,183643
60,367405
63,039066
60,580254
62,69491
60,34296
61,37297
60,653793
61,41885
59,615192
62,75594
60,196934
62,467983
62,837097
59,048653
62,271637
60,435875
59,068398
60,353516
60,691223
61,828503
62,219524
62,964645
59,89565
61,904922
61,229683
62,688744
59,86114
61,77515
61,75596
60,452
61,604015
62,050667
59,70704
62,608547
62,617043
59,434315
59,561237
60,717144
62,721054
63,01503
61,59974
61,358185
59,15756
62,39888
62,602497
60,936478
59,431126
61,43274
59,456394
61,34539
59,234962
59,34575
61,266285
63,035553
62,226643
59,878845
61,665337
61,199257
61,324657
59,50187
62,526257
62,79868
62,77323
60,30832
62,156128
62,02462
59,048286
61,063908
61,28276
59,84405
60,585865
60,909336
62,90653
61,112656
59,45918
61,43507
62,977905
59,641903
61,542263
60,850735
61,345543
60,362377
59,95322
62,57267
60,38829
60,107807
59,479504
62,81994
61,289524
61,493042
59,808067
59,992847
62,07596
60,299225
59,64621
62,42577
59,839878
60,78953
59,826298
61,93349
62,103184
60,499226
61,053253
62,641674
60,595062
61,23596
62,648132
61,16832
61,693848
59,54393
62,497963
62,10998
60,212864
59,4063
62,910744
61,461094
62,49586
59,933987
62,261772
60,142742
60,805416
61,483765
59,728363
60,797928
59,525578
60,095844
61,257793
59,94578
60,158607
61,804996
62,88351
59,493755
61,373375
59,19263
62,27004
61,874302
62,697437
60,195686
59,65011
60,271645
61,351086
60,298164
61,098495
62,616016
60,588047
61,19742
61,96925
61,94663
59,523544
62,788258
60,244156
62,33109
62,613266
62,374332
61,40426
62,004627
59,95646
