32,99886 77,986534
82,61906
36,70759
72,66537
34,464634
104,09703
30,137108
46,84507
57,974617
84,911415
78,12599
31,296225
88,45689
50,20975
39,862656
39,738678
46,420147
51,72402
44,425255
29,295694
36,44429
88,841125
82,61761
65,680756
33,387794
37,201424
67,81289
50,731876
44,457027
69,29111
42,49345
106,60486
92,15538
104,269035
57,38837
78,972534
69,26705
98,17507
41,839775
66,66854
51,98239
96,9258
91,01903
54,957256
52,41537
108,60196
76,35015
89,11056
96,19325
44,11475
74,66597
49,78482
77,126945
82,32826
51,696392
81,71341
60,661247
39,674885
81,43346
95,26553
102,94784
111,76075
93,32281
34,32922
43,25955
69,1321
43,660645
57,60411
91,23165
87,82705
59,496094
58,564976
56,082245
82,902504
39,144417
110,56324
50,71761
83,61838
97,84622
106,83078
47,116688
101,927124
101,58929
53,464943
45,996254
107,12301
62,79365
98,28607
77,386314
56,165035
111,63439
84,59603
40,474346
36,177933
62,05987
66,51828
97,21372
83,47948
68,03085
77,08199
44,59685
35,21167
35,248936
29,380714
49,138855
47,828396
97,02695
53,387905
98,56807
41,50479
33,55062
51,74757
83,5115
31,402071
71,5726
103,8036
46,775833
75,61104
45,068653
30,428188
73,63086
46,06503
81,432014
48,48606
88,230545
49,257786
93,308815
99,96008
99,48282
34,006466
85,15403
84,1481
91,59928
55,03777
52,476833
75,82254
59,839542
29,210627
70,5812
61,603966
28,62404
67,98783
78,30547
32,083027
81,77212
94,58164
81,95529
90,33053
28,058434
43,366535
70,952736
87,64881
58,525627
77,519
70,82289
30,66242
92,91883
111,057594
95,798584
43,066364
70,39945
82,66319
41,498974
56,22575
37,40026
53,47171
104,00576
28,622482
78,36694
31,929441
29,932804
62,400967
49,069996
62,742302
52,283695
64,15576
104,83653
37,85283
70,47464
84,3371
51,92168
84,07963
70,092735
54,376854
87,43814
108,8251
53,926277
58,0521
48,784885
70,60578
68,28865
38,897346
51,783337
61,602272
92,26594
43,32636
70,44945
28,703957
92,47059
66,30653
55,5681
93,62158
53,72745
42,89655
70,82579
57,453907
74,29363
36,802
32,24821
34,59364
36,465355
99,355675
27,564474
73,82378
96,66976
64,05804
73,70974
29,65081
82,030365
65,98276
108,51179
111,29424
28,227156
52,922253
34,420097
84,68303
31,420448
30,110838
33,91676
61,82635
50,70015
76,013954
96,47545
87,18831
112,808975
108,71348
110,30564
57,560837
29,727413
50,690952
83,67277
72,32741
33,539562
93,835976
78,68691
45,581734
95,48921
78,02743
31,753695
86,325836
82,74271
99,35754
84,24098
93,04607
103,22611
34,665184
99,68926
111,68767
67,933014
55,652252
61,023438
31,714985
89,26735
33,230335
66,89017
40,889362
102,87507
33,7601
37,120163
28,286348
31,955866
107,40373
29,044176
83,71913
37,00531
45,666504
111,555984
75,34301
105,89682
51,824932
112,59111
62,781315
37,609745
109,30525
28,328667
43,52034
95,32803
88,249054
27,480858
67,38668
85,76876
110,14279
105,48639
50,139847
29,644848
94,00607
31,082481
65,151634
103,69457
105,26596
49,108402
108,521866
100,47511
107,85095
95,417
70,68723
37,161182
71,922676
33,63353
66,62041
97,247
102,007805
108,99325
111,21963
52,597603
96,38349
65,55624
30,918228
46,540577
96,22182
102,07456
95,98024
103,69342
107,81172
101,39033
54,798943
33,2367
85,60606
94,65886
93,19236
44,263763
100,501076
64,32615
73,331474
102,24306
54,414894
35,734932
104,53714
99,8665
35,4763
59,15436
41,670597
112,40892
32,94799
47,795784
64,63376
29,12117
63,399483
57,921513
63,092834
98,97867
69,19625
77,88947
108,330025
98,849884
84,47009
40,62923
35,909782
74,68001
72,43363
110,70403
35,899174
64,1812
57,592262
34,62688
60,34775
82,57399
85,10501
44,966866
73,15508
48,068306
74,49755
95,49378
107,527885
29,909012
84,29049
46,285892
59,14265
110,50896
70,434555
101,02262
106,04326
30,51369
40,281086
49,751205
99,93128
90,925255
70,14506
85,838715
60,967392
100,23202
103,87727
81,34775
77,94523
108,86888
70,407
46,751186
76,90582
104,12032
109,2832
71,49787
28,250675
54,00126
29,902258
31,962946
71,10974
83,79463
61,64705
59,453278
55,118343
76,76837
94,79773
43,381912
75,37129
66,20878
73,95999
55,44768
54,609943
105,33578
52,589146
77,95996
46,52878
44,012222
70,05891
32,291958
61,69659
47,673035
80,42983
31,393099
83,90319
40,54737
91,78006
36,40068
61,080513
97,53142
88,942924
50,386406
67,83099
47,81018
31,52399
33,264393
35,561466
106,4224
42,084057
43,188927
68,67874
112,71134
68,83104
32,756676
50,257023
80,19597
90,86704
39,597916
92,31702
67,752945
60,72656
50,666897
67,273636
75,94295
39,14437
100,47341
82,401146
77,748985
48,13678
86,05074
50,088566
69,79437
98,269035
28,534996
30,667595
76,80368
102,46422
107,439186
99,46445
103,697365
43,664326
81,93659
91,14039
31,338314
110,43949
57,94205
105,42335
82,09441
97,85918
50,74449
29,452707
57,459442
28,453894
31,262392
104,17021
38,99815
92,1298
37,332436
80,92943
69,77427
64,05052
43,230125
54,89266
40,862667
78,5024
101,3107
70,75984
50,75597
36,17129
92,764145
68,57341
71,80455
79,19735
72,130394
46,894405
90,21964
41,28317
72,516174
74,85012
83,56627
83,2702
46,315453
72,46189
54,40036
72,11335
33,471554
44,07788
108,17298
60,95281
50,795734
90,47759
80,51688
56,19132
65,735374
43,368282
85,55662
98,81144
104,242584
90,60076
58,50812
72,422844
49,049324
110,839195
85,95384
108,74642
42,64798
30,45588
44,83792
80,8786
103,96266
70,033936
49,072235
95,48288
97,86266
39,24125
88,33661
39,702496
106,50947
109,747154
60,835285
100,79701
57,131176
49,803482
73,04438
42,842976
27,71328
53,750797
47,104645
88,58869
74,95728
71,449005
27,543976
68,69634
103,74518
45,251022
91,01217
112,61255
61,96864
59,842964
67,99356
99,65097
81,24138
30,818813
77,19243
74,62373
34,22636
34,32512
70,13679
87,69419
54,923817
90,51651
28,637983
79,329605
80,37827
32,399765
82,55596
110,26146
88,53904
113,04241
93,49535
59,46614
75,04419
29,788061
68,894554
74,38544
31,38897
56,98227
53,41323
83,272644
37,152863
40,023697
48,953472
39,048985
86,80371
70,63279
108,085754
103,27582
63,32634
94,01865
82,31074
85,83805
35,544174
85,23171
68,64768
45,10279
50,292572
56,8029
51,668518
37,46753
67,07007
37,090885
84,04165
107,93457
105,04585
94,56533
59,054623
62,844257
86,94878
85,09707
32,681267
58,001743
96,68784
37,690407
63,46617
92,33766
55,50331
45,919014
36,1886
72,65365
63,23118
78,67406
85,85657
80,35589
91,00996
33,145668
55,068825
56,031403
44,52916
98,9296
71,93623
94,77657
100,11233
75,31507
45,41559
70,010056
93,442444
71,11207
63,10115
101,43957
98,45648
39,71369
83,04792
105,46887
89,68308
46,99674
69,69084
94,38314
111,828735
34,826195
38,03327
102,368675
63,576775
75,50891
65,28384
59,67256
106,99294
79,72364
93,74182
43,198273
81,96716
81,66134
92,19072
75,635796
108,110245
44,16054
105,87877
57,249138
75,83189
75,12884
84,675766
102,58804
67,5388
101,69393
89,51511
96,77888
69,069786
74,62163
33,380203
88,60454
76,022026
72,31127
72,16962
107,19594
51,11959
49,47146
105,91698
35,358418
83,40617
94,63246
107,896355
64,120445
80,90629
105,52728
110,40219
49,08944
61,644005
38,17227
32,09265
41,389553
31,138653
79,28065
90,23467
53,775303
40,0226
102,72325
41,344643
94,65285
59,59443
80,017
64,35893
31,066467
92,714905
52,914318
55,551613
92,46773
96,3301
112,17147
51,321598
68,50561
51,14584
32,94959
102,80267
60,323933
103,73758
112,96624
69,17762
92,50508
77,22021
97,94769
39,399036
49,918667
31,766506
28,820656
46,64568
47,209988
75,861176
91,24056
56,297432
95,331345
78,400925
98,8895
42,134995
82,722115
93,13652
110,68555
102,96183
104,89653
99,922745
43,332253
33,10021
71,4711
86,11533
73,20484
51,80095
78,54737
102,57063
77,2502
66,220955
30,244513
71,73359
79,184135
81,54391
58,402336
89,05705
93,78927
28,008305
58,364845
97,36218
94,50771
34,960205
103,84569
60,548447
80,59038
63,63724
101,58183
72,61302
70,277534
57,189747
63,61128
30,522326
39,068527
75,9959
85,41604
61,538376
100,31323
78,91067
81,08499
92,453804
48,46345
59,594418
32,78827
50,91142
60,08298
70,17252
78,183105
70,57394
89,49608
28,244518
37,546192
93,30767
53,74636
80,583046
58,041637
80,380905
98,38877
92,86005
51,092144
97,452324
85,850975
108,64447
71,020256
73,07661
37,268467
47,435898
38,46218
78,96079
27,587149
99,8128
58,001537
32,979103
109,34124
46,66362
33,098606
58,34515
91,5814
30,483715
41,743435
100,37618
48,934082
106,98668
47,519733
77,044426
60,5859
35,10899
109,934784
63,46972
96,9701
100,14604
53,86783
31,905521
51,8148
105,685585
61,565315
59,64617
109,79529
110,82753
77,13128
55,649574
35,176483
91,15227
43,291397
46,691593
96,66171
88,506714
101,4679
31,050343
31,229383
39,4899
78,78529
55,371017
88,854935
34,580315
89,20257
79,05967
90,14172
69,39825
74,52612
67,875755
68,00048
82,84147
69,70284
95,052635
94,451454
71,122444
88,05168
78,488754
81,93796
88,13344
84,152054
87,83514
27,568838
49,55632
45,543976
36,894794
77,40482
49,862915
29,015656
80,325134
66,079216
39,718433
64,24495
59,301144
91,47245
43,6918
40,143673
42,665344
110,68036
65,358536
53,021236
94,241356
74,19958
46,572815
90,82784
71,74827
82,43574
97,89849
88,94379
112,96652
70,03804
40,294636
44,90239
89,618645
85,624054
58,503574
72,01651
96,88903
30,455826
93,96324
36,499966
45,065258
52,019604
77,265274
70,32748
36,059727
70,90481
40,254025
106,558464
62,051834
107,69234
52,629074
63,381516
72,764946
86,76405
39,895275
82,121574
45,429817
108,57666
89,64914
110,86714
32,843327
99,85707
40,176003
97,31659
33,81643
71,25293
107,64969
96,43392
72,13244
66,85384
43,24749
84,35013
100,33929
83,86977
108,89287
32,709343
50,314518
98,85563
31,523476
88,68833
32,470806
77,513756
62,30505
84,15901
105,75342
37,519875
93,506996
36,87207
77,08492
78,75506
84,542625
62,543644
65,89534
72,37983
108,12933
67,73304
81,57923
