19,330614 23,108387
36,683647
47,835285
25,80648
25,631802
75,1703
105,75899
1,4737021
14,522094
57,870865
55,786625
91,15961
-4,119051
64,926155
60,534985
55,448044
62,784187
93,35465
107,48129
0,3745024
80,62292
25,821323
6,3051205
42,360382
-2,394726
73,13593
48,201122
3,396458
15,267579
102,23193
11,197478
104,95981
21,274164
1,3100766
77,5301
74,49883
62,21631
24,460629
13,956539
20,60554
8,941307
-8,357573
74,67794
45,082115
42,517292
9,962604
95,30699
25,051994
79,682976
50,558918
-8,184928
53,313824
33,738644
68,654526
1,3821079
107,19007
70,98462
-1,6141435
90,79245
78,5013
63,314575
104,19437
103,929405
103,71632
62,129734
-5,177085
70,756546
55,525543
95,40681
29,67306
52,924202
37,377186
65,184616
68,22613
18,66405
16,927837
72,56582
20,088427
78,98936
62,472874
-0,361189
82,71323
83,33124
87,45648
62,38097
58,762455
-4,13436
70,77254
26,783596
25,14538
49,09772
-8,763949
85,675606
82,612946
52,309006
33,58647
91,92253
-7,5899463
75,611015
11,295643
86,85647
4,769855
69,94745
29,076696
50,66295
-7,39585
-1,0468992
99,31721
-3,6830156
12,437384
94,76067
90,49755
33,814835
50,773655
58,45778
8,052463
60,758724
26,19531
41,462433
51,230366
54,33335
91,61715
59,52737
36,058758
93,138725
20,760086
30,806171
31,447721
87,35437
9,5030575
79,38299
98,51906
45,720146
93,399124
71,52169
100,87224
95,73039
101,66475
77,7854
-3,405156
88,96288
104,13408
83,44671
-3,0491178
59,68834
47,310135
-4,4957843
5,9908395
20,389807
1,5397525
85,98907
12,251461
69,230515
8,551198
47,42849
84,71097
55,177845
72,06033
24,327047
61,38982
68,929016
42,76235
96,51204
103,48298
8,78226
-0,96353066
-4,57411
34,422
17,191736
-4,640464
43,059784
102,28788
95,771324
72,86294
-5,450363
88,40914
49,650192
48,8642
-1,6944015
45,40162
3,4514556
38,429058
61,58921
-2,1659002
1,8337917
-6,2540407
66,41759
71,51287
50,67395
93,68978
65,12858
84,590065
-8,848913
93,49257
28,03767
7,867342
35,218136
-5,509339
3,5699627
34,392838
6,4290547
85,24456
39,16219
82,94506
49,113304
76,03793
61,23994
-3,7780578
87,78821
9,142786
59,128838
82,46457
37,722347
28,894087
9,126598
37,156605
100,289696
-6,0597124
59,458984
55,6485
37,09331
60,589706
1,9967499
4,355702
97,91825
-4,5578237
16,991556
51,030052
93,01505
46,246452
16,687435
87,288666
46,851555
15,366292
101,65829
-4,392767
37,641235
9,631055
100,56348
28,468307
21,822578
38,5463
62,336536
10,451654
3,0036275
0,13410133
81,8489
89,61981
-3,746025
98,827095
97,01426
48,96542
88,636925
10,50902
90,124435
80,13762
105,485504
63,30272
100,33299
88,83544
62,636078
-6,0073686
69,72767
23,73573
34,80222
14,2177105
43,714523
-1,6358212
92,70996
39,42873
103,31929
59,813877
52,983746
-2,5173678
22,536425
73,74066
103,753944
59,55922
80,08034
107,132286
-1,7737066
17,124619
28,97768
78,259926
48,175945
106,289474
56,83282
51,873135
26,828566
99,808846
95,3699
7,667874
92,4123
81,87845
81,03412
49,739037
17,707222
19,0811
45,97594
60,911427
74,79782
77,10306
3,237863
62,76736
36,219395
27,623613
88,24521
-7,841926
52,05368
105,347244
41,099533
96,39557
40,02882
76,804016
74,55403
13,076702
-0,11324997
-5,3058825
43,177654
22,970856
58,064964
44,237576
72,39392
21,20263
15,992673
82,85647
90,49373
105,51078
80,49699
90,04171
74,01603
26,835508
28,89887
76,98266
32,373367
82,0445
55,71432
5,271366
22,828033
0,3075821
63,316433
77,81818
19,035343
1,1474379
-6,0454297
29,288263
-4,0763855
86,94538
94,29257
86,53211
55,981968
54,69937
35,02579
69,89807
29,041988
-2,5605457
18,620453
76,641075
82,42577
60,51736
63,041603
80,52949
22,080639
72,41686
22,949984
19,894537
95,32196
50,77043
8,088943
99,79233
38,4904
34,23701
67,193596
8,074257
59,466103
65,062195
28,192688
-4,7871523
87,99628
4,0250425
63,05601
-3,041391
104,45763
61,21428
-4,390834
42,781982
49,002094
24,317429
89,6604
63,68211
69,95815
2,3718915
104,711876
56,081944
23,785975
21,826082
1,4354595
63,683598
99,2654
61,810223
80,74929
54,682507
12,67995
34,456753
11,041274
35,53522
-5,032035
66,12055
96,40891
68,329666
21,040443
57,746277
78,34211
5,3600664
91,88678
-5,9603705
54,767784
73,49038
71,41693
38,311333
39,932377
70,15943
71,397934
65,38713
-6,164775
3,6321137
62,297398
72,930046
68,86594
-2,0285237
-3,5010457
9,761586
29,91008
9,101204
1,0232365
51,178326
-0,9462136
44,881992
-8,286778
35,71482
15,616558
87,27926
83,2809
89,913
35,05026
-0,8042999
33,367455
41,742428
26,425385
79,58124
91,57779
59,58134
92,022026
28,673655
26,106525
58,781567
92,88236
93,91666
47,208546
19,620129
52,134388
106,65964
107,024185
106,9528
57,865406
4,3217335
63,962746
97,409546
58,03402
68,8446
63,603065
-5,8615465
86,46265
79,511475
48,40938
103,88864
81,349754
7,562109
34,45582
52,961403
11,208155
102,38869
8,836379
-0,36089322
-2,7389736
7,051088
10,99948
82,58037
95,700966
31,395384
67,69184
55,320095
-4,0129085
24,387243
87,48162
94,23632
102,838936
69,00101
66,79431
102,6505
42,457554
96,24529
92,64247
71,96461
101,400826
-2,766534
27,609198
0,90296847
71,66429
-0,879287
87,15484
107,23854
3,197406
7,4452925
67,43655
35,463093
50,485786
33,03013
52,581112
13,912378
29,182264
56,6277
-9,467404
72,5138
57,202045
42,15587
101,0006
46,447563
63,088757
41,806313
41,179768
37,498043
35,12252
-1,8525522
86,321915
60,885727
7,789944
22,630894
-8,045674
83,10379
-3,75175
95,61935
73,15814
18,6059
21,280819
62,162025
11,358767
75,59621
-0,15715857
37,55457
23,84064
55,457386
47,566853
76,360275
32,813835
-8,567078
10,266618
98,25061
3,7100153
86,264206
1,8585312
38,148373
79,22658
48,163887
3,6608224
100,22501
102,89102
64,18833
9,382697
86,671524
31,113094
51,728054
1,8130908
84,27188
65,418465
34,70624
91,24909
69,49122
-9,019236
64,924
92,36143
91,350784
21,235548
8,088563
55,95365
58,80997
-8,047757
56,717556
42,76561
64,27586
68,610374
20,593933
20,53772
23,380766
97,15339
48,7684
28,811329
101,705765
82,68044
104,37577
96,885155
50,260376
82,618225
35,633587
65,60315
11,198614
31,43209
5,3314404
79,17385
-8,606162
43,24603
15,245129
80,43299
37,76009
9,410169
105,04755
72,31337
11,962869
33,9492
20,771755
6,5263906
1,8433547
-3,6623042
-8,980427
65,65527
91,33469
77,64286
57,67894
23,80032
-1,3982328
11,887941
9,693189
34,754044
59,38909
12,483575
4,6084757
67,3114
20,431297
21,773561
-1,1913147
43,586052
-7,6403527
57,678234
5,670293
68,92967
85,58054
5,502528
64,624695
54,119415
52,91677
-6,4927144
9,936722
62,60145
88,0703
93,463036
9,80214
91,85404
34,78626
14,350281
40,618248
97,80443
48,160023
42,558376
27,865505
21,15147
45,666782
84,52479
4,103831
73,40488
60,563915
77,17636
22,842579
7,0568566
102,9518
68,2673
56,432636
102,86657
50,084225
55,311752
82,25259
7,108852
47,6195
52,54019
13,246202
6,3697166
37,339775
63,919876
96,12155
94,600716
104,489395
21,318771
84,9769
71,72243
84,39547
10,688572
99,89817
73,365746
62,90028
83,26807
12,758297
22,707846
34,404392
33,30387
93,89888
41,954563
58,943092
22,067554
55,03153
21,318981
61,416035
26,188799
101,36039
89,94094
86,80016
103,890205
14,456493
10,733211
95,84433
101,97877
54,749763
5,677069
56,45425
35,10151
-1,7237843
36,989326
60,101776
53,227234
37,92481
-7,937861
104,66031
-2,1875806
39,685734
83,83219
35,078667
100,576385
4,823577
104,08963
45,373447
70,13784
45,74047
65,56036
64,36031
54,94411
88,48978
-9,048947
11,382059
82,90986
13,18275
36,49818
6,5321846
0,661521
34,89894
56,502846
0,9114977
88,709724
101,83661
89,49955
80,40833
96,08363
47,820045
-6,780312
29,218935
94,92656
37,978348
2,1049807
51,43399
19,26578
55,02112
24,181763
5,8583817
57,40644
16,67459
95,8868
48,953983
-6,788037
33,781902
104,76249
99,694084
76,070564
-3,8463619
84,805565
24,655258
49,27536
47,42129
73,708145
8,884457
30,424234
22,17319
74,697044
21,175587
49,431152
51,46101
-8,468813
8,285243
3,2488985
-0,39347464
20,741632
19,82888
57,07192
-2,9818704
21,381874
81,12358
26,942236
25,05385
46,393513
12,2825985
-1,5644056
1,8138021
73,16545
103,71812
44,28377
41,476055
67,96668
-7,6375833
14,986148
40,169167
31,56314
-8,713352
34,688286
-4,1565514
31,967005
81,564995
10,756402
71,52838
70,48585
5,149334
95,38063
81,38168
98,350365
-7,5284777
50,377213
63,52052
86,139145
64,35806
57,354446
5,1894374
78,627975
13,350374
29,27379
51,2572
51,33133
33,346886
13,583511
26,090446
22,324986
77,88368
55,16927
59,256935
33,12996
57,00061
52,556667
68,805595
51,632553
84,49227
58,475723
26,09607
28,32027
17,58756
98,29441
24,39115
14,695598
22,510878
16,052616
23,435677
47,554855
59,67637
4,381416
-7,7439995
1,101124
80,589806
41,804493
29,296556
107,1422
61,258858
7,5131297
68,32099
59,10797
81,408455
45,40383
97,48668
38,10133
101,894745
75,021416
89,6702
-6,0610394
59,964085
72,94561
43,86004
-8,196333
-6,6280985
80,88543
97,77233
9,213654
50,92976
98,48429
-2,3008146
59,42403
41,874023
48,149616
54,737312
22,529905
81,64507
28,53129
0,9579184
1,764861
51,96423
47,398857
43,657288
58,671627
77,63279
95,37726
3,6564622
86,0173
31,04729
44,397984
78,83892
103,5807
72,20046
82,044975
64,09428
28,698334
26,326221
94,172035
5,1858034
88,45534
75,97953
-8,793087
97,768074
51,300766
46,532864
45,7388
-6,8161297
27,9627
74,36252
38,379456
37,449635
72,32796
50,757614
33,622017
76,14328
65,990234
32,00163
94,96884
-4,900587
77,44398
55,289764
82,903496
99,50214
9,298893
57,069107
5,1362414
49,49026
72,78449
33,485497
10,949145
23,898134
23,598639
25,717539
88,7203
75,04107
46,66177
11,260226
23,988352
-2,1235964
-7,218841
46,01682
87,48665
73,05417
30,651314
93,42602
20,81667
24,369387
62,030117
61,347332
13,367166
8,792618
84,19588
10,524247
7,09929
100,26972
78,57428
58,784286
26,24021
33,718452
26,862637
3,4169724
37,49744
67,017944
99,07535
3,1522176
103,33009
96,327995
32,060238
55,94552
95,9675
51,526024
29,14428
24,342258
27,818426
55,390915
76,61645
