44,99047 58,07982
47,62379
46,310966
54,789303
40,44187
24,504423
48,746235
56,422367
46,67509
29,182898
58,102688
58,54718
47,471313
40,304184
32,635258
66,370544
22,173243
62,141987
42,97541
24,972406
27,091568
32,26738
64,93318
63,517956
62,92934
62,847878
48,07723
55,992443
32,58644
39,60192
33,145615
24,841995
32,750935
37,85596
44,902206
51,085636
64,74946
51,83349
23,52709
60,09582
54,599537
27,688662
35,70904
25,621656
60,78833
51,19246
44,55886
46,021183
22,055227
36,55854
59,026817
34,44111
33,58398
43,32854
62,72147
52,643143
49,293747
20,323397
43,29257
29,817041
44,030598
47,701305
34,762035
45,912594
40,65311
33,655045
27,091278
64,56197
63,900593
62,401897
28,329514
58,29855
62,903698
37,267475
40,41972
28,755898
25,60971
41,12755
45,336838
43,58006
26,273653
49,04747
50,554996
52,01404
55,478752
51,34163
55,86295
59,146954
58,41925
61,317863
58,149708
35,925056
52,113758
36,825474
28,5046
59,698566
54,13901
42,470276
52,941998
63,76713
61,550236
33,875145
43,94531
23,881037
48,209003
31,062677
53,74878
61,69391
37,358616
64,05573
65,949326
50,940273
66,09794
40,96616
41,608315
49,215244
20,361032
50,501022
58,801426
59,98472
32,537823
38,246807
42,319298
59,90857
28,857168
64,27377
41,95682
29,855207
22,126677
20,994932
26,116486
51,38775
37,926125
61,47834
35,64343
55,427315
47,771103
38,196682
41,790184
63,660816
30,446959
48,921154
45,878696
63,779045
65,44223
56,382233
43,810043
63,149593
28,40486
55,87105
62,04261
32,415684
56,579494
30,712015
38,719807
56,86489
27,007992
48,272694
63,564476
35,2046
21,04582
27,965395
52,171005
21,459694
36,058765
22,060385
43,310734
55,89792
20,748623
49,43633
49,923107
28,736473
44,09082
30,573595
66,041405
46,344414
49,15543
49,359924
56,14973
55,42383
47,98913
57,319107
46,955357
35,924847
54,01556
44,05717
38,69785
42,10569
35,751297
31,48519
20,421434
21,182507
24,054398
66,02819
54,09061
51,44487
43,2942
33,536
41,104507
28,790573
33,061157
39,39086
50,856777
59,889187
64,97737
48,920326
26,699997
56,63359
40,869457
49,53104
64,46815
65,035934
24,292492
63,783516
32,37056
58,96296
34,716133
47,561974
54,798313
60,8054
20,055344
20,668642
41,414494
20,400425
26,354584
50,940445
58,725727
65,29787
66,283035
23,532791
22,027534
59,048615
43,924908
60,951237
20,620058
33,98793
57,66097
45,1006
33,058655
21,44817
46,3507
44,509365
21,7673
65,68331
55,864704
60,958683
59,342785
39,292366
30,136381
61,430847
58,863094
25,669498
36,472813
34,66912
35,73313
28,082153
48,767075
46,107025
34,420948
49,742874
45,09662
30,246069
48,93238
37,684704
20,10806
29,196915
55,05195
35,8763
65,95074
20,861975
41,388584
59,738434
40,688816
20,937782
27,686802
44,49053
44,14034
40,403088
40,237907
47,77432
40,28869
51,50078
49,285267
37,88006
31,170963
58,493855
47,600876
51,404686
55,296715
23,927158
36,735497
63,351303
63,35792
37,670727
36,097748
45,84714
38,983932
54,60573
41,433342
28,783194
39,051098
28,449995
42,658356
31,060968
39,20585
50,929317
20,055439
37,919216
28,246479
31,442638
59,39787
30,021687
35,458534
45,69188
44,744762
56,39914
63,049175
28,646206
23,51605
51,073605
48,876144
24,652565
46,14061
21,012356
37,31201
59,212215
50,97743
54,910717
39,06886
23,817928
36,534164
28,70281
25,14205
35,263638
24,073437
61,02921
62,03209
57,893066
41,930103
65,695564
50,746464
46,381756
41,791817
44,724655
32,78094
63,024414
20,336632
23,569477
61,987225
32,15729
51,924995
52,850502
45,980793
58,925903
55,583824
45,478104
51,52135
23,086098
38,210293
56,41321
20,260136
66,22154
60,313896
48,50032
64,09677
46,36918
27,278282
56,99594
39,10997
26,356228
48,199574
30,027363
30,021284
65,01187
48,063545
55,354504
57,087746
22,761673
45,56483
26,280163
53,12686
39,07535
32,381603
28,367195
53,16923
60,73996
28,932337
48,480564
27,907104
24,357494
26,15921
24,399534
30,014196
53,497944
49,41925
46,952496
43,755936
46,93014
48,951744
54,528225
56,58281
64,88034
52,766388
42,759953
50,369637
42,59984
55,05218
45,592705
39,58276
46,579105
38,65797
53,020554
30,447952
28,794683
32,451225
40,172295
42,308754
21,811274
38,07688
22,635204
51,038578
59,828484
58,492867
22,761326
21,205694
60,764793
47,80985
43,030983
34,204796
56,691635
51,292366
58,843876
25,110838
42,643005
40,32712
42,328896
30,600527
47,614567
54,108917
24,33413
54,77871
26,944864
39,261345
39,473114
65,2296
49,64238
40,355896
46,961517
32,948143
39,86739
22,243324
22,190931
24,963606
62,406178
27,922329
49,151516
47,128384
27,042448
61,76879
33,772186
64,55943
39,97947
54,623676
57,073517
23,31941
35,23306
47,94941
51,05519
52,27213
49,478127
35,18799
61,401825
55,805088
43,563854
53,950363
31,749083
45,51378
66,175316
53,90402
50,82072
34,044075
65,35139
59,59244
60,074806
51,699955
36,306824
60,785908
41,96254
47,70176
20,696663
29,401413
62,78719
23,865501
37,660454
37,340878
36,781616
26,50921
43,363396
49,181877
32,925
36,51152
56,1446
60,590496
46,128643
53,071186
65,842766
52,94806
29,500261
37,99031
41,240498
21,231932
54,06917
22,832624
25,597958
45,04087
54,254307
64,13085
63,712082
53,52782
59,075207
31,846483
37,05646
46,61667
30,873346
43,581093
24,253815
22,743876
44,14489
61,409668
42,18086
50,24374
36,096123
37,00561
43,051495
27,403864
31,566463
42,536087
66,140945
41,343998
48,34191
36,457767
32,85291
40,263424
42,91147
40,41551
24,213188
41,881943
50,58559
64,68836
27,127321
37,74967
42,264393
29,541058
46,528194
39,607666
41,660892
53,476406
64,88071
51,95757
34,78615
22,4577
47,93569
56,43446
63,779503
35,925213
55,459282
41,286144
32,524494
41,439686
61,227493
28,016031
24,49048
58,393658
50,313454
37,84726
52,33678
53,88446
47,626583
65,47329
59,80116
66,33084
38,061726
46,18036
55,96453
56,17604
25,38367
48,141884
20,997616
28,996307
52,79682
49,401035
55,042717
62,612556
35,37706
50,472393
44,813705
48,247173
34,480587
23,937723
59,24873
48,44875
49,95563
23,220201
22,896744
29,49723
51,05037
54,96396
31,914118
61,302475
37,25799
29,110176
42,893852
46,661755
21,42413
61,09952
28,010002
49,94057
65,653496
60,91299
30,804365
28,200678
27,013338
31,287828
56,99512
26,525732
53,47332
45,620964
36,39891
40,377663
27,005949
41,3648
57,58803
30,824131
34,42601
38,04478
65,4363
58,097404
64,01313
60,553455
31,655788
56,85271
55,5006
21,79537
54,65373
63,59621
50,029118
32,706287
58,483204
41,868477
22,341663
41,96028
41,36764
61,154842
24,210619
47,21208
44,05852
61,082825
42,056015
38,027954
46,331314
65,91968
54,58872
20,678158
26,889261
56,02337
41,834
46,630337
58,23009
32,190815
63,77127
37,34551
65,79117
47,05315
42,607132
26,971813
38,29786
44,819702
47,706272
47,46474
42,356148
62,756046
36,24481
34,02092
52,347286
64,07173
34,625584
57,858055
31,264038
58,83146
27,707573
21,08475
36,717308
26,400204
49,469387
36,79545
51,12825
36,529762
55,091583
21,080107
56,30016
60,632904
55,129707
39,0922
45,077538
25,587242
31,24662
23,610363
47,603188
41,013317
61,26066
62,976765
36,287617
44,253815
50,548996
63,6621
31,548304
42,54391
27,976158
23,650507
32,42408
31,401205
32,72373
35,74695
29,224339
29,707165
52,16637
64,067406
65,19106
28,058353
26,444107
41,428215
33,542023
21,131348
52,50968
62,974472
39,648785
52,696884
42,528572
27,296486
60,601322
25,59613
38,326584
34,5182
24,026999
39,2048
23,442268
57,223907
24,250357
22,117712
63,48772
36,545273
46,480576
36,97149
59,712025
24,3536
31,306936
25,67755
53,44904
23,66771
24,263393
28,83916
30,719507
42,43661
58,420536
54,47318
58,612034
42,57743
65,41893
56,338024
61,288406
30,401815
43,482914
65,76053
62,399143
49,11884
27,799656
62,87031
53,56599
37,888443
26,531021
66,22419
49,16641
24,743393
22,938972
52,367695
54,391758
20,833113
32,537033
31,969624
53,277664
20,225407
37,112812
34,643635
57,806007
49,687176
20,505104
38,772068
45,032776
47,95713
23,784496
55,122986
25,287588
42,507896
43,94742
20,241293
61,43622
22,426188
50,610752
65,684814
64,28177
55,257423
41,946106
58,069878
51,3213
52,64357
66,23156
38,265766
61,625015
21,846788
64,60604
62,924953
50,86488
43,46422
64,38235
57,854156
51,43439
58,478542
24,159204
26,126587
56,354843
20,74336
52,694996
50,241375
41,87288
29,57311
58,921432
30,21774
43,07818
45,194134
49,819717
56,705498
51,13859
25,215143
37,513927
53,125206
65,62057
31,054722
23,925388
45,239933
28,736631
42,915226
41,46251
38,05677
49,793495
29,911785
54,91926
21,711163
28,811132
60,3064
25,448654
50,439167
21,85036
37,546738
26,309732
21,650984
55,17146
54,94045
25,132206
52,31947
34,481415
58,248295
63,145496
54,95929
27,962267
58,034092
22,80435
24,040573
52,310116
42,19457
49,50832
35,92873
62,932507
31,8062
31,904774
30,585007
20,210825
46,801212
48,040783
26,555132
27,712185
52,562584
52,29364
60,391712
65,20329
35,239704
53,44403
47,03339
49,040108
28,885426
40,69131
47,07294
63,698715
33,784412
47,71235
38,68156
31,112028
42,559784
34,17036
22,263494
34,868362
20,473497
65,75979
28,177595
52,03014
42,817955
59,47324
66,25731
43,631523
37,907055
40,482483
39,509163
53,201675
46,156277
45,364304
44,905342
40,041058
36,30837
38,038307
34,242374
51,129963
54,070038
51,79358
21,351315
45,122116
52,398907
43,352264
27,242765
52,348583
57,90505
21,486404
23,749563
38,29633
62,711704
22,27102
38,421955
44,89505
47,216663
31,480211
45,478146
32,21069
33,63931
56,017784
51,138863
56,01814
49,82716
20,37138
49,73711
62,31784
36,379192
38,72488
41,260555
40,308506
45,710316
50,380825
21,998562
64,142624
57,219875
25,634565
49,070324
45,4541
52,194775
31,12617
65,66855
44,722527
65,87319
54,37579
52,47522
44,984528
62,81441
25,401394
29,066648
24,670025
22,864632
50,148438
24,99527
46,10767
30,51765
54,56803
59,292572
41,348373
59,44176
28,949665
62,48628
53,469273
41,798893
62,776154
48,425106
24,218447
52,07113
43,120377
35,09385
