36,5151 62,17565
85,80186
63,270542
90,16932
65,220406
106,946945
82,3739
115,58355
82,951416
96,61138
57,322376
89,35494
63,014454
80,12852
107,65645
81,38543
74,81205
78,13013
68,06148
85,12723
74,17694
114,175766
57,890537
115,04624
59,51236
62,047306
65,031364
59,9856
98,74087
81,02206
68,91358
115,240974
78,54165
102,63979
103,213036
89,5914
75,18629
108,32109
67,18708
56,605343
111,76944
66,35419
86,001434
88,5612
82,39255
80,71896
77,531975
87,18205
99,96446
100,044334
109,858635
90,308945
103,548065
86,11014
101,455894
73,51861
73,85912
95,73646
80,12776
111,92681
60,561462
56,48188
111,82959
76,10667
83,80516
95,400276
56,591278
114,992165
88,30863
87,06878
81,651474
70,63117
116,47741
78,68556
105,57552
95,09723
85,67514
100,46177
81,71205
103,97569
104,7961
59,120262
57,085373
98,330605
78,87397
82,19938
108,69064
106,62937
82,08027
75,379524
67,27403
88,18894
66,744995
73,122894
87,54268
61,988674
75,56713
100,56867
59,205967
63,18752
107,223854
96,29324
70,156746
69,53066
78,860054
79,17069
84,01516
113,29816
89,495895
106,99461
65,44332
72,093124
91,556366
75,88828
56,583004
99,40079
80,81684
69,15785
91,50713
110,14208
80,63188
62,984467
99,03904
110,021706
104,930305
99,04167
95,947044
113,02132
61,17078
66,95383
89,49376
114,56932
89,888435
95,89305
102,22744
59,51641
112,194595
58,71486
70,724686
92,66006
56,879406
112,30272
85,38768
73,95995
57,178993
79,89287
69,77791
87,86024
66,65129
75,87506
74,40661
88,70787
108,66709
86,96812
113,20357
94,30644
56,505257
64,18907
110,08013
104,25322
84,72691
97,84706
94,763885
86,20932
64,03769
83,189766
66,49882
75,87879
86,27115
65,62806
113,26635
106,59147
115,39033
101,43115
67,315254
65,62123
101,54558
116,64578
95,52308
56,897255
57,878674
109,07879
80,785645
78,62611
108,12971
114,15797
107,88369
79,97849
77,49347
90,3172
91,521034
89,910545
58,841644
87,85998
99,8283
91,748024
89,592094
85,12194
58,174473
66,30436
92,36108
59,654976
98,33542
83,17153
74,30767
72,236206
96,0685
57,861668
97,95972
105,51701
112,574646
69,44571
97,11752
73,02643
104,89015
114,37923
66,29036
62,902737
91,44953
110,7638
94,08982
59,274784
115,92129
98,53615
109,587845
75,771706
78,95393
63,459923
90,02797
58,223724
88,139946
79,90574
76,2258
80,67718
87,89799
65,66987
82,25098
87,801865
80,64513
65,49172
62,061256
60,393925
78,36049
59,426605
101,2132
110,26202
57,749283
80,27587
114,951965
70,80671
64,9318
114,64084
60,958473
70,64953
114,62
65,362595
80,7791
97,013374
60,16334
64,257545
107,889565
81,37673
98,25026
96,297295
93,16307
109,72853
78,68245
66,42739
100,05209
56,32538
83,18295
99,59453
93,42525
75,004425
92,309654
107,07674
111,54066
87,34109
91,760704
107,01962
61,265293
60,015705
84,927505
64,43915
67,97015
94,13125
91,15321
101,51151
62,611652
77,43974
92,141365
83,46326
105,791626
64,164345
58,068096
63,692757
75,47511
101,332855
81,314514
77,656586
70,32669
100,94096
79,7553
100,98748
66,5575
57,882267
110,38545
70,41483
103,30082
99,35033
100,29397
82,47196
77,29612
62,057938
81,73849
115,22738
93,43584
98,233795
109,920906
93,602585
109,69672
95,26728
87,64435
112,911995
109,93213
98,3053
116,006424
91,1217
113,827324
93,16145
106,20718
73,97935
58,693863
96,58656
88,034996
99,63642
86,61222
116,75088
109,76197
101,66604
84,52428
67,4
95,19332
110,57526
75,94787
90,65352
102,59906
112,81084
67,1573
87,69496
67,61349
88,897995
110,88046
104,75694
103,48705
69,88958
109,01057
109,903984
65,5663
90,354546
86,36429
104,58042
97,193474
71,8356
106,84119
78,14112
82,89217
76,62908
114,738556
61,789627
101,832596
65,18932
116,25638
57,354427
68,30033
87,21168
110,38675
97,48494
59,155365
58,58988
68,66702
75,40547
114,55084
67,34023
90,74359
83,417946
96,990654
70,17146
90,893585
90,911644
92,48177
59,92403
57,14767
76,595795
90,69372
67,79659
70,04426
72,32253
111,45611
111,16776
94,32102
99,80626
106,129036
93,333916
109,67585
64,07732
72,71863
73,44994
66,84166
111,821495
77,31289
115,33945
94,19104
109,27967
83,802986
67,89211
107,44868
78,99095
75,293976
63,10842
110,30609
98,90874
116,27208
109,47899
107,85537
72,14758
76,001755
56,692146
72,8331
91,712944
112,19311
65,04209
99,89401
88,99166
65,09057
90,09951
72,62724
70,87017
91,73257
93,18538
106,1292
115,2114
90,46373
66,344315
73,72704
77,09591
95,90727
66,57512
91,84131
115,059616
96,69171
62,502594
78,28471
116,16852
101,002495
98,750305
70,30175
71,8199
87,918945
82,237434
63,157513
90,830505
102,60682
83,95121
82,19975
61,093945
92,58175
85,18116
90,056145
57,76858
68,75013
75,83548
64,89595
90,89693
91,53709
94,30935
71,89203
79,87091
93,63901
103,621864
93,17242
82,20343
81,06188
109,09306
70,53385
56,402615
77,88814
76,27474
87,02908
113,96474
99,35042
69,41276
110,46867
78,98415
57,87146
62,21172
72,316086
109,975525
84,87803
76,785706
85,14484
104,52023
79,02664
111,057755
108,03547
94,99686
105,260925
87,32216
70,180374
79,20898
111,50224
110,826035
66,58194
93,43736
62,304974
98,52256
86,87621
116,436455
76,13375
64,13051
68,27546
111,23611
116,719505
78,820885
93,58474
78,334045
83,73629
74,76648
78,030785
94,85284
77,6865
103,05974
106,41763
56,90787
113,22029
102,73784
56,87653
59,851086
73,73771
69,62754
85,53689
94,559784
72,69226
74,40802
112,7673
85,09336
102,925316
110,62563
65,83714
75,502144
64,77655
89,85457
61,02352
94,07203
115,98005
82,50135
100,101654
80,48376
104,96612
86,28782
90,5938
111,54248
60,514034
58,840584
83,41403
81,44798
85,054955
83,30998
72,437706
76,777565
77,42088
74,379814
108,20331
102,77945
58,52663
70,49236
95,56687
93,77134
103,92507
72,18331
85,20201
107,52959
103,06023
72,02458
87,20716
95,442665
58,253807
69,92068
104,97754
100,88207
59,23319
107,89631
74,157265
82,33064
70,1582
63,556557
69,42635
76,11148
79,923416
77,26409
113,70859
90,96128
59,07837
68,26044
104,313034
107,91418
90,501816
103,58422
85,581696
106,59299
74,30337
67,865105
78,86444
84,77806
108,79681
99,29032
80,441086
107,749054
93,02175
106,95809
72,18806
57,186283
56,735786
101,91549
60,63035
105,26525
58,232353
116,744415
62,970367
113,92362
112,62752
101,39369
82,5145
113,38367
86,129326
86,36798
82,321976
91,00303
103,38014
111,85474
74,20351
80,891205
72,44706
104,17897
94,820625
105,96885
69,68557
63,384636
115,27315
104,5294
111,630684
76,67199
64,71251
95,3408
111,37464
99,730255
114,557175
86,63804
90,567276
104,94177
80,609406
73,25882
96,22746
92,41341
113,77729
93,795235
64,62947
113,50927
112,6829
102,17701
87,34287
67,50057
108,41846
80,9438
66,88245
69,40738
65,82679
95,279655
78,17211
86,95154
91,42468
67,21349
65,99971
105,15578
96,52529
115,24984
83,19467
98,67636
70,205986
74,28456
82,35859
82,82092
85,589554
78,00538
109,460266
115,421196
79,173676
67,07274
111,81651
59,04024
107,7493
63,089363
108,100945
67,04041
85,89057
75,174706
77,1899
77,68245
61,3203
91,68234
58,766907
70,405205
111,38681
67,9296
73,70834
64,06313
59,316586
94,117165
76,019615
107,771255
57,17837
60,55467
111,595
89,448326
68,98701
105,58877
70,74538
86,758705
64,65574
95,732056
83,06991
105,54599
84,38543
103,81929
83,41199
103,72468
90,01069
101,6661
85,0047
87,63289
80,94421
61,480232
109,95342
70,78508
93,29639
90,03921
81,00691
66,64916
89,90565
71,3094
61,480373
109,27956
96,10088
110,59485
115,10699
61,728775
59,551117
89,74055
88,91212
95,88712
96,73308
65,079185
59,459797
64,40966
104,64518
108,97184
109,077675
68,23881
66,26812
83,79273
83,0419
82,34645
115,66289
69,202896
62,012035
114,433525
79,125275
98,93386
89,49148
113,59788
110,009346
65,483376
101,842766
96,38419
71,541595
92,23825
58,337624
111,50166
85,884315
68,84972
113,78731
111,049515
106,696045
81,11618
92,68903
87,03026
72,51976
101,54816
98,89555
59,449287
86,51802
104,33796
115,41765
65,041435
112,94113
110,99819
63,76686
110,11137
99,35671
112,44658
114,21259
69,28122
85,224106
79,16654
83,02681
93,68953
84,57973
112,44534
59,694027
57,72865
70,57772
64,77087
102,91008
82,31507
66,7101
74,02793
112,18925
84,13995
65,17665
63,81981
91,362206
88,50379
65,25794
67,4092
100,93243
71,390144
67,1643
90,31004
57,544117
108,20099
91,915215
74,586075
91,839096
79,1673
67,82506
57,50413
112,28227
68,63185
79,88786
94,77505
65,093605
56,489883
95,34333
79,07469
99,523315
65,698524
89,134125
111,88615
115,33526
71,50321
95,28602
113,86686
101,05835
67,90528
56,67478
94,503624
91,904915
60,847126
86,677124
115,685905
96,52719
108,80656
61,577053
66,48177
73,00452
62,296337
115,80407
100,88937
82,005356
56,249073
82,92593
73,241035
59,413933
104,081314
78,12735
78,416985
63,16803
97,93633
99,665405
83,83477
64,567505
114,04351
69,45154
77,05829
115,44806
80,92391
63,961205
82,313446
77,00002
79,40187
64,187485
86,72302
69,354836
109,0101
83,29993
97,35475
108,38448
78,02388
107,71441
74,852806
110,41611
83,740166
76,99619
56,318497
115,90826
59,61587
70,900955
110,29163
85,12102
83,11338
61,20758
113,016945
103,37183
72,79261
98,857216
84,641594
88,30001
95,69329
108,82653
91,9591
104,13659
61,155525
60,273464
61,415707
60,465252
66,863365
84,95921
93,81419
59,63666
99,28544
79,969894
110,581566
97,41443
65,06626
70,514946
62,96603
94,552155
79,08347
63,601784
87,00153
99,99707
92,45282
88,98588
75,06479
94,76892
111,56723
79,0323
73,04866
115,52146
91,37729
91,68365
71,985054
92,39436
83,05445
102,02911
65,81378
73,13159
93,62212
92,929146
91,57942
56,886703
111,9612
79,45017
58,35142
105,060684
90,16271
113,308716
56,558037
63,300488
80,23024
56,794163
113,73868
78,22491
80,91069
77,05135
95,05689
86,54945
62,245342
106,13932
83,60307
70,21168
91,19245
88,75701
58,575443
87,57166
57,332504
115,72357
89,94853
60,84281
92,53488
100,16197
