14,248761 67,48715
26,999973
4,75567
-3,851056
24,11437
44,5563
69,12241
43,42799
50,107956
65,99464
34,34255
30,237583
35,760498
68,27037
46,5525
14,754796
15,556379
29,106005
27,296965
36,47986
29,33752
28,418247
55,95224
41,2049
33,54159
14,7815075
8,125962
6,2640886
56,289677
32,295998
67,04585
69,158775
36,028187
47,95341
29,88049
73,228325
60,695
42,678524
50,218113
2,504412
27,637112
2,395035
31,373802
38,382538
67,41415
31,316437
34,435024
33,818493
6,82472
68,157875
8,174724
45,17747
48,885113
72,89629
41,249794
58,764633
39,240097
32,156643
62,76373
21,68968
21,194614
17,103338
61,806683
66,59712
50,42551
25,601961
62,097374
2,4989336
61,09915
60,293938
53,273846
19,723532
57,977962
35,383636
22,717655
3,0064962
67,11052
14,9416
10,433094
10,7674055
41,634914
31,445024
20,678612
24,390099
53,638237
43,580246
47,992455
60,287483
27,060295
-0,3248733
55,839092
26,064318
-4,5686593
29,16555
18,267107
57,904907
13,876148
32,147594
40,951687
48,93912
56,969162
70,06799
4,890722
12,471919
35,1389
58,765396
28,670273
2,579147
15,207539
48,434944
42,97996
56,197998
45,866512
43,134266
50,163902
62,791996
55,19628
9,161317
48,28898
53,598057
61,676712
73,282
19,88108
10,836168
71,161285
-2,5744822
10,41688
7,6408467
53,84776
4,6086392
50,06155
35,65019
61,61476
7,107789
35,445045
19,284369
57,629097
71,05507
45,161198
9,993573
43,546604
43,402042
57,359627
59,342422
24,035711
12,826308
8,989079
50,13923
14,220223
51,46621
71,74271
49,191605
-0,79432505
19,681875
51,296562
61,80435
1,7406571
38,794693
61,99153
6,4786286
71,39927
17,95189
18,835428
-2,4771423
71,37188
64,094986
68,802826
15,444408
43,640755
39,298927
51,92115
2,1579409
33,56438
6,5869584
41,423065
1,5409197
24,588745
12,898605
34,66272
52,012516
70,472466
54,683147
33,70285
60,121174
8,051629
-1,0644153
23,677435
-0,46216482
36,295284
13,1140175
44,2235
21,153051
43,43453
53,98814
19,572577
28,522736
-1,4086871
15,997269
31,81218
58,256104
24,23152
57,372566
64,15531
52,40624
65,087425
20,178473
49,021572
-1,7188472
49,71898
8,038546
39,73968
41,658978
45,66833
34,889423
-1,9561687
9,469088
55,504353
8,0762825
65,38749
44,110737
54,285675
39,29029
66,43693
7,726527
4,3974786
10,023497
58,96058
40,698704
11,221108
37,71879
27,653458
16,615015
64,113106
23,09291
43,522297
47,71741
26,276506
60,842506
27,008669
-0,06159165
68,56072
22,874752
39,719536
31,866543
49,40912
69,352936
71,60445
45,71565
44,979965
25,742887
49,472538
52,34516
42,793488
5,8925643
-0,30941254
68,51747
30,593285
43,985332
9,421969
26,142231
67,25282
51,784534
29,370834
36,433064
56,17341
27,507284
66,43757
0,6593315
12,405559
27,639069
51,480705
45,044044
33,340588
42,296944
19,09245
51,4613
63,313698
5,5343122
54,621597
29,60954
23,607512
37,626343
8,406022
61,63624
-3,2147398
47,06215
38,883053
-2,4632804
51,850983
33,448467
21,377655
63,60942
55,36983
55,096798
52,06527
64,9625
16,221998
9,712609
44,52766
17,703468
35,626457
19,096312
15,861275
8,126796
25,421667
14,814411
18,580847
13,444807
42,958
30,057178
3,74473
49,121483
25,557209
68,1766
17,119133
58,817875
46,509605
42,1873
35,706703
26,19256
28,028446
33,007694
39,415787
15,211192
-3,5441906
41,810333
34,526264
69,76239
47,77012
2,7316203
53,26284
62,696342
56,38868
57,981094
73,35822
49,29564
25,415108
34,931488
7,697697
40,155247
0,68465817
4,5695515
27,774084
54,68586
34,43843
68,45112
2,2300072
14,882853
63,685406
62,65698
29,01889
21,87805
50,41731
58,51437
67,06823
13,060246
1,6447405
19,580273
61,031628
70,2219
35,291874
33,84188
44,9413
21,70469
6,847943
49,375465
1,4379512
30,971783
62,693714
55,453243
10,821818
-4,2134523
5,476494
15,458253
58,326195
35,70492
59,57563
30,125242
39,74142
4,443859
4,9995146
63,816673
55,27244
72,26719
64,05377
30,29562
36,71861
-3,0475047
5,4966993
61,272644
18,50386
22,317726
55,063404
-0,60215664
11,190083
16,972471
31,044714
32,383656
48,650146
-0,79283434
72,719055
30,370296
39,59349
-2,43714
12,120973
36,55184
1,4487609
39,01341
15,94846
0,4421111
-1,8686473
67,978584
28,462313
5,76337
8,887903
-0,7408446
51,36907
40,21985
73,46895
44,50791
47,062214
30,332613
52,404205
36,932785
56,604343
25,61443
29,044546
54,3154
27,401512
29,2841
29,658596
16,045126
54,175068
61,02675
64,77631
66,33097
66,4645
16,868858
14,38418
20,07577
10,083641
44,951332
-3,5680573
5,2507486
4,7259917
67,288025
1,1717819
58,93497
67,24952
49,174644
12,787492
61,062046
26,915718
55,666348
10,318814
30,644478
61,605427
13,785994
2,6753855
35,42546
56,00846
25,229544
69,07225
72,1716
0,6347055
29,907906
14,020507
44,122765
59,75706
65,490295
-2,2678092
35,105946
62,66057
46,974266
56,159916
-4,648027
36,88932
45,30058
26,148705
34,28397
3,2023244
4,104593
34,038563
-1,5397584
35,53204
28,445255
16,991201
35,96209
45,862297
25,877617
32,133446
27,910034
15,688808
65,96546
6,0643725
29,26097
51,962944
33,024693
33,9057
67,43458
49,661217
16,191555
35,390484
56,867916
31,049788
20,620358
32,173832
73,02678
54,323196
73,1798
40,531525
2,9365034
47,657425
44,361378
-1,4489778
-1,0929719
61,74237
69,93059
24,440304
3,0380006
-2,6619303
58,60861
19,08658
63,988335
60,879593
22,120161
64,31853
61,11929
4,390333
63,31324
71,76386
13,912942
49,144844
-2,680526
34,131268
4,270831
6,549587
37,623943
52,20274
46,062843
72,34202
62,074974
38,00763
38,720898
70,59304
31,669685
30,564075
20,0421
19,626348
72,39226
36,42901
37,982796
31,9971
71,5878
60,1154
38,67294
58,750656
10,602722
-2,0832496
-3,2599857
54,436527
11,530716
4,2292233
65,60442
15,941362
45,6389
5,3655763
3,4400458
20,913298
25,930271
43,154984
7,2698703
3,2570128
-1,3846695
52,89241
28,711243
42,17788
34,30909
43,710648
18,841133
4,622675
3,8669689
52,475853
27,740429
25,511782
9,964459
64,4671
61,514194
59,193413
39,610783
28,55899
56,70322
3,4657192
66,64199
40,78907
67,80744
59,38168
55,412
53,321712
67,4386
12,0680065
34,885227
3,3948028
59,79544
17,627155
50,473923
23,59636
-0,4619666
38,724632
56,459515
-0,3724394
27,1279
40,183548
70,02305
10,733228
52,589436
17,567678
36,731586
60,76527
67,54673
20,780897
34,349968
13,654094
55,204876
4,9052415
51,184834
60,064186
14,878589
2,110224
0,043575916
64,20186
37,38935
55,810425
18,215075
54,58874
46,32777
70,34991
13,441287
43,036583
53,843468
49,268654
68,24682
25,220623
57,337547
27,817225
23,93737
52,766903
-4,52548
15,784458
58,817223
66,69756
19,605106
14,582662
51,646893
22,890669
57,43757
67,76673
22,054007
4,988298
28,215813
4,7185574
60,97423
43,52124
20,972982
51,064358
-4,690344
-2,969227
63,01612
26,3009
-2,7683365
15,599201
57,303154
61,850803
40,41877
13,245306
32,19868
34,14482
30,999973
22,084148
66,3492
31,295862
55,2482
29,2716
55,03561
50,0431
45,961067
35,116043
32,32852
66,39045
14,5045185
72,18081
17,547281
45,841736
-0,9716696
32,65054
-0,24484657
2,027961
71,652504
21,794107
40,15051
66,62873
57,95787
13,59695
13,153689
41,274902
20,597464
72,956985
72,347046
65,276726
13,11136
71,73224
32,638603
47,063065
7,894174
34,371346
26,295912
43,725677
25,489206
15,630208
57,70285
18,405378
46,699196
3,3812392
-4,3009353
6,262083
5,4640837
23,615986
62,41089
9,130481
5,4052086
54,42917
69,50205
73,19593
51,096634
15,080296
43,60485
55,67681
58,46784
39,15832
49,26239
16,290962
63,386684
12,7019005
70,72636
58,573765
8,823176
31,282469
66,816895
30,261316
64,32991
49,216213
23,843012
43,804287
1,3709601
10,019255
14,04315
8,645198
10,603618
58,754875
72,74776
22,682436
46,336327
57,157623
-2,421563
31,849195
64,11517
1,3744912
13,0956335
42,724068
48,00446
62,64794
70,76634
64,209435
14,087318
21,060398
58,768215
34,278618
-3,2006583
45,437584
31,1571
49,83005
26,265852
62,600094
62,128826
65,22755
19,592289
5,05997
22,862013
15,135312
7,7848053
63,971943
2,0112844
44,655712
19,220463
40,582596
9,249334
18,125671
72,136604
57,215622
37,53125
14,359566
60,578632
68,636635
43,669727
22,079845
33,012615
62,416447
64,60065
12,350009
64,64137
71,87539
41,663906
14,345082
55,64754
23,342491
59,33233
46,79885
69,103645
31,962029
68,83058
13,00319
53,74298
4,76292
29,575586
69,963196
-1,7722012
18,014206
11,667854
10,776928
7,786257
19,021164
16,130306
17,521067
50,75327
70,61879
7,507784
66,06283
-1,2432612
19,097122
24,62083
4,426792
53,689514
59,56407
53,662285
37,491085
-4,701614
36,728737
6,7429695
28,909477
-4,068997
50,913254
30,40589
19,295311
71,83263
37,333076
56,53269
39,198517
34,464123
4,889814
42,691006
51,974625
50,058838
14,948687
49,593178
30,148619
63,881702
21,511173
46,063198
36,389244
38,347797
59,400394
53,571785
35,767906
27,601233
58,721752
51,761345
-0,43972418
69,37279
31,06496
56,498177
46,191265
8,661515
-1,5682584
44,671425
36,19291
49,19611
42,103172
59,04397
25,85639
3,6965227
60,55415
10,465002
50,680435
54,80569
4,7574806
45,684574
40,204567
64,64295
44,501686
-0,9356189
16,124012
51,75113
1,0402395
67,9382
40,946407
29,029474
54,69453
36,000183
38,25768
18,316195
33,405857
40,17874
47,0816
52,829548
2,332715
70,85207
11,010358
53,772358
55,77872
-0,3887105
5,653536
34,113064
24,126186
-0,4819521
35,214634
47,858044
72,664825
-4,585749
53,492268
45,146275
49,833447
30,945475
68,48515
27,726118
71,762436
30,62074
9,21026
51,30368
66,38638
72,169266
7,016836
62,70207
41,1595
39,542847
49,333027
67,14499
24,236517
33,654957
-2,8644114
28,667809
-3,4711008
45,736435
27,00946
19,520525
56,765514
3,9069254
2,5507736
9,766016
42,86322
-3,293385
35,56339
65,198875
14,417053
40,95197
56,8208
34,784332
6,427213
22,416721
37,637146
42,13097
34,287617
60,497707
52,47018
45,290863
30,71259
2,0556731
58,429512
2,3552728
13,639555
20,07804
22,571106
61,179493
30,27399
29,501875
66,33411
18,655788
5,5444493
28,49337
34,479073
29,649195
13,981917
69,326256
23,97148
9,800755
23,433117
30,448757
73,410446
16,410713
44,968315
36,145317
6,361188
